   39         A         R         N         D         C         Q         E         G         H         I         L         K         M         F         P         S         T         W         Y         V    
  1 K   1 -0.452260  0.130188  0.088414  0.756429 -1.262871  0.568674  1.124968 -0.639278 -0.118939 -1.091539 -1.075853  0.352214 -0.681529 -1.091539 -0.406944 -0.043098 -0.363846 -1.149475 -0.785629 -0.859205
  2 L   2 -0.937314 -1.881546 -2.801103 -3.720660 -0.942750 -1.866493 -2.795667 -3.726731 -2.789417  1.870088  3.676571 -1.876110  1.879474  0.029623 -2.801510 -1.864196 -0.937314 -1.858174 -0.913535  0.953670
  3 P   3 -0.907341 -1.871627 -1.880455 -0.965533 -2.813297 -0.937412 -0.929472 -1.900435 -1.899074 -2.788431 -2.783267 -0.924415 -1.857947 -3.746774  6.414389 -0.916461 -0.913458 -3.773859 -2.820277 -1.847800
  4 P   4 -0.433937 -1.107369 -1.041304 -0.461743 -2.340418 -0.287531  0.043016 -1.629802 -1.096397 -2.141033 -2.085400 -0.499711 -1.402182 -2.517577  1.707933 -0.235207 -0.663363 -2.894147 -1.788221 -1.521876
  5 G   5 -0.166378 -1.713826  0.284047 -0.785709 -2.809013 -1.662068 -1.639124  4.787113 -1.591060 -3.657670 -3.649739 -1.686515 -2.699287 -2.807480 -1.794314  0.041612 -1.730018 -2.116252 -2.699765 -2.804005
  6 W   6 -2.939533 -2.948399 -3.897885 -3.934556 -1.990046 -1.962242 -2.948399 -2.035582 -1.834499 -2.885130 -1.935644 -2.948399 -0.986157  1.112694 -3.943422 -2.939533 -1.990046 10.526560  2.182264 -2.893996
  7 E   7 -0.836776 -0.167688 -0.204545  1.250897 -3.396868  1.418737  3.571448 -1.961868 -0.354927 -2.380168 -2.449743  0.667624 -1.583387 -2.654337 -1.135131 -0.034724 -0.719061 -2.882158 -1.851947 -1.547721
  8 K   8 -0.182151 -0.134643 -0.955183 -0.987353 -2.039314  0.447883  0.518678 -1.969159 -1.236122 -1.178336 -1.041123  0.343890 -0.140879 -2.021933 -1.396652 -0.208100 -0.500484 -2.560671 -1.624501 -0.583427
  9 R   9 -0.155634  2.226784 -0.634481 -1.870447 -2.101736  0.273530 -0.354080 -1.720673 -0.581064 -1.989950 -1.418717  0.985789 -0.767035 -2.337699 -1.766543 -0.559369 -0.738978 -2.759545 -1.634668 -1.704510
 10 M  10 -0.916695 -1.123526 -1.495511 -2.006306 -1.727365 -0.721350 -1.107939 -2.580729 -0.876499 -0.242926 -0.259924 -0.997397 -0.003222 -0.382768 -2.078321 -1.028339 -0.336740 -1.280494  0.146670 -0.042630
 11 S  11 -0.839654 -1.431808  0.589645  2.803432 -2.027937 -0.258184  0.787776 -1.068043 -1.145350 -2.165761 -2.684339 -0.789167 -1.991564 -2.434640 -0.937953  0.782307  0.769857 -3.137297 -2.395289 -1.888263
 12 R  12 -0.667330 -0.141923 -0.419503 -0.457930 -2.108754  0.318960  0.219792 -1.417821 -0.483050 -1.899833 -1.698581  0.095407 -0.999255 -2.166646  0.923519 -0.299175 -0.535516 -2.333252 -1.405385 -1.412682
 13 S  13  0.257707 -0.546620  0.417948 -0.221790 -1.251153 -0.051883 -0.061235 -0.483872 -0.684645 -1.357747 -1.404635 -0.179291 -0.848145 -1.703892 -0.798983  0.995885  0.225920 -2.258907 -1.405335 -1.019681
 14 S  14 -0.774751 -0.506358  0.521880 -0.032042 -2.066501  0.133857  0.163355 -1.429307 -0.337022 -1.809930 -1.721697 -0.116614 -1.075340 -1.791750 -1.461400  0.476619  0.250063 -2.429937 -1.151362 -1.495485
 15 G  15 -0.136190 -1.609368  0.319873 -0.832168 -2.907086 -1.604300 -1.632279  4.972086 -1.720582 -3.799764 -3.750213 -1.530922 -2.756802 -2.962382 -1.918489  0.076279 -1.766500 -2.177230 -2.832315 -2.888111
 16 R  16 -0.895996  2.236398 -0.292235 -1.292266 -2.542562  0.941045  0.243128 -1.925490 -0.373904 -2.239971 -1.565643  1.350998 -0.687980 -2.393344 -1.609599 -0.641846 -0.828177 -2.381547 -1.527769 -1.945555
 17 V  17 -0.398514 -1.518813 -1.630214 -1.921109 -1.528975 -1.160804 -1.279484 -2.371077 -1.850215  0.069763 -0.510930 -1.088082 -0.286371 -1.457762 -0.654087 -0.788369  0.346327 -2.443616 -1.162006  0.632824
 18 Y  18 -1.945522 -2.175995 -2.166079 -2.962177 -1.933000 -1.368583 -2.169316 -2.990504  1.273864 -0.742468 -0.752527 -2.167538 -0.750163  3.381451 -3.157447 -1.964183 -1.943178  1.605403  5.875618 -0.927806
 19 Y  19 -2.011375 -2.327195 -2.338570 -3.011375 -2.000000 -1.643016 -2.327195 -2.988625  1.007039 -0.706929 -0.695554 -2.327195 -0.684180  3.924711 -3.327195 -2.011375 -2.000000  1.786553  5.679844 -1.022750
 20 F  20 -0.659866 -2.644359 -2.735556 -2.935067 -1.170823 -2.113973 -2.315880 -3.106377 -2.163252  2.088442  0.950263 -2.247175  0.630909  0.239506 -2.571350 -1.820458 -0.742564 -1.910869  0.098694  2.124602
 21 N  21 -1.947971 -0.904503  3.164448  2.959791 -2.910066  0.019587  0.878233 -0.667077  0.698765 -2.968929 -3.400396 -0.542005 -2.404275 -2.779971 -1.550417  0.377398 -0.631310 -3.756451 -2.036758 -2.958322
 22 H  22 -1.461374 -0.266539  0.307137 -1.104624 -2.635548 -0.068678 -0.130250 -2.052365  4.750870 -2.252830 -2.249485 -0.836354 -1.462269 -1.337412 -1.557810 -0.798537 -1.222330 -2.222688  0.769019 -2.065626
 23 I  23 -0.793309 -0.855564  0.848983 -0.807455 -2.062075 -0.442818 -0.548006 -1.567315 -0.678109 -1.006417 -1.210480 -0.613443 -0.776950 -1.853504 -1.655114 -0.098380 -0.185734 -2.953189 -1.373289 -0.788236
 24 T  24 -0.284176 -0.765632  0.912355 -0.439456 -1.473107 -0.589216 -0.500331 -1.453306 -1.222107 -1.502760 -1.465590 -0.650559 -1.157836 -2.136433 -1.255175  1.063172  2.889216 -2.513929 -1.916868 -0.875026
 25 N  25 -0.914325  2.268939  0.341383 -1.129474 -2.922567  0.844575  0.235554 -0.857461 -0.365570 -3.066537 -2.312709  1.947406 -1.235305 -2.903078 -1.606886 -0.290030 -1.026463 -2.767896 -1.943452 -2.565969
 26 A  26 -0.143905 -0.286488 -0.318269 -0.838880 -1.727293 -0.075522  0.030869 -1.850846 -1.352826 -1.344669 -1.301946 -0.006644 -0.862338 -2.160781 -1.234737  0.461415  1.679548 -2.508981 -1.803818 -0.616532
 27 S  27  0.158835 -0.968533  0.172038 -0.832409 -1.023930 -0.753571 -0.789226 -1.596153 -1.761047 -1.200162 -1.200514 -0.751910 -0.969249 -1.997321 -1.036415  1.484119  3.941548 -2.212226 -1.955809 -0.409086
 28 Q  28 -0.339279  0.016442  0.115085 -0.502302 -1.870413  1.584636  0.377253 -1.688303 -0.777945 -2.022549 -1.594985  0.064835 -0.611429 -2.361522 -1.033544  0.845656  1.494503 -2.132539 -1.466356 -1.246829
 29 W  29 -2.687060 -2.826566 -3.649059 -3.735550 -1.925436 -1.982974 -2.853809 -2.156607 -1.676850 -2.371293 -1.579012 -2.831135 -0.818962  1.435814 -3.802170 -2.717819 -1.884409  8.827136  2.180144 -2.473924
 30 E  30 -0.978882 -0.626459 -0.032436  0.902246 -2.762516  0.646635  1.845010 -1.913075 -0.363322 -1.852177 -2.029125 -0.033075 -1.309638 -2.237234 -1.337202 -0.076405 -0.323673 -2.795753 -1.618186 -1.330560
 31 R  31 -1.421858  0.464085  0.207462  1.232107 -2.807258  0.146733  0.575438 -1.639080 -0.103435 -2.643770 -2.657356  0.196500 -1.777637 -2.582291 -0.850368 -0.522973 -1.017123 -3.241799 -1.959940 -2.510039
 32 P  32 -0.980737 -1.869192 -1.935108 -0.993920 -2.942211 -0.954371 -0.967554 -1.961474 -1.935108 -2.942211 -2.929028 -0.941187 -1.948291 -3.909765  6.746511 -0.980737 -0.980737 -3.909765 -2.929028 -1.974657
 33 S  33 -0.348424  1.495977 -0.181085 -1.229911 -1.893677  0.167181 -0.223923 -1.471244 -0.759316 -1.768689 -1.395979  0.536302 -0.805729 -2.152266 -1.305807 -0.056127  0.319217 -2.414602 -1.657127 -1.448058
 34 G  34 -0.178266 -0.768779 -0.866578 -1.127652 -1.398940 -0.524084 -0.649527 -0.941795 -1.273010 -0.726058 -0.500160 -0.591787 -0.356471 -1.267558 -1.104053 -0.257684 -0.387796 -1.765657 -1.242529 -0.526365
 35 N  35 -0.208742 -0.635316 -0.294717 -0.187672 -1.683623  0.206272  0.167542 -0.812380 -0.813434 -1.691696 -1.630231 -0.257085 -0.979446 -2.045144  0.737699  0.222575 -0.072524 -2.163296 -1.527277 -1.152068
 36 S  36  0.271114 -0.677625 -0.275657 -0.208131 -0.951095 -0.304748 -0.245316 -0.259197 -0.801425 -1.043965 -1.060726 -0.414481 -0.745603 -1.249983 -0.271718  0.346505 -0.041620 -1.611212 -1.108668 -0.725286
 37 S  37  0.071086 -0.377691 -0.126647 -0.253814 -0.841331  0.003219 -0.079987 -0.471782 -0.581450 -0.936188 -0.893142 -0.140660 -0.531911 -1.148886  0.084661  0.407929  0.287443 -1.294997 -0.909552 -0.621510
 38 S  38  0.021004 -0.211117  0.007442  0.074366 -0.856792  0.130803  0.408604 -0.423084 -0.353961 -0.833711 -0.821877  0.094226 -0.529122 -0.972385 -0.250979  0.319939 -0.036365 -1.141008 -0.772435 -0.587875
 39 G  39  0.167421 -0.284829 -0.083710 -0.205197 -0.364461 -0.284829 -0.284829  0.728922 -0.326684 -0.527803 -0.527803 -0.284829 -0.406316 -0.448171 -0.284829  0.041855 -0.242974 -0.368539 -0.448171 -0.364461
