
Last position-specific scoring matrix computed, weighted observed percentages rounded down, information per position, and relative weight of gapless real matches to pseudocounts
           A  R  N  D  C  Q  E  G  H  I  L  K  M  F  P  S  T  W  Y  V   A   R   N   D   C   Q   E   G   H   I   L   K   M   F   P   S   T   W   Y   V
    1 K   -3  3 -2  3 -5  3  5 -4 -2 -5 -5  2 -4 -5 -3 -2 -3 -5 -4 -5    0  15   0  15   0  16  41   0   0   0   0  14   0   0   0   0   0   0   0   0  0.94 0.31
    2 L   -5 -6 -7 -8 -5 -6 -7 -8 -7 -1  7 -6  1 -3 -7 -6 -5 -6 -5 -1    0   0   0   0   0   0   0   0   0   1  95   0   2   0   0   0   0   0   0   2  2.03 0.66
    3 P   -4 -7 -7 -6 -7 -6 -4 -7 -7 -7 -5 -6 -7 -8  9 -5 -4 -8 -8 -7    1   0   0   0   0   0   1   0   0   0   1   0   0   0  96   0   1   0   0   0  3.25 0.95
    4 P    1 -3 -2  0 -3 -1  2 -3 -2 -3 -4 -1 -3 -5  6  0 -2 -6 -5 -3   11   1   1   4   0   3  14   1   1   1   2   3   1   0  47   8   2   0   0   2  1.04 0.42
    5 G   -2 -6  1 -2 -6 -5 -3  7 -1 -7 -7 -4 -4 -4 -2 -3 -5 -6 -6 -7    2   0   6   2   0   0   1  83   1   0   0   1   0   1   2   1   0   0   0   0  1.91 0.63
    6 W   -8 -8 -9 -10 -8 -7 -8 -8 -8 -8 -7 -9 -7 -4 -9 -8 -8 13 -3 -8    0   0   0   0   0   0   0   0   0   0   0   0   0   0   0   0   0 100   0   0  5.30 1.32
    7 E   -3 -1 -4 -1 -7  0  7 -6 -1 -1 -5 -2 -5 -6 -5 -3 -2 -6 -5 -1    2   2   0   2   0   3  76   0   1   3   1   1   0   0   0   1   3   0   0   4  1.60 0.63
    8 K    1  1 -3 -2 -1  1  4 -3 -3 -1 -3  2  0 -4 -3  0 -1  0 -4  1   15   6   0   0   2   6  29   1   0   4   1  14   2   0   1   6   2   1   0  10  0.40 0.27
    9 R    0  7 -4 -5 -2 -2 -2 -4 -1 -5 -3  1 -3 -4 -5 -3 -2 -6 -2 -2    8  68   0   0   1   1   1   1   1   0   3   6   1   0   0   1   2   0   2   3  1.45 0.56
   10 M    0  0 -2 -1 -3  1  0 -3  1  0  0  0  2  0 -2 -1  0  2  1  1    7   5   0   2   0   9   6   0   5   6  10   6   6   4   1   3   8   3   5  14  0.09 0.10
   11 S   -1 -3 -2  6 -5 -3 -2 -3 -4 -5 -5 -4 -2 -6 -3  4  2 -6 -5 -5    3   1   0  47   0   0   1   1   0   0   0   0   1   0   1  28  14   0   0   0  1.22 0.51
   12 R   -1  3  1 -1 -2  2  1 -2  1 -1 -1  1 -2 -2  3  0  0 -2 -1 -2    4  18   6   3   1   8   7   2   3   4   5   7   1   2  13   5   7   0   2   2  0.22 0.11
   13 S    2 -1  2  0 -3 -1 -1 -1  1 -3 -3  0 -3 -4  1  4  0 -4 -3 -2   14   2  10   5   0   2   2   3   3   1   2   6   0   0   7  35   6   0   0   3  0.40 0.24
   14 S   -2  0  2  2 -3  0 -1 -3  2 -3 -1  1 -2 -3 -3  2  3 -4  0 -3    1   4  11  11   0   3   2   1   5   1   7  11   1   1   1  16  21   0   3   1  0.32 0.22
   15 G   -3 -4  2 -2 -6 -3 -4  7 -5 -7 -7 -1 -6 -7 -6 -3 -5 -6 -6 -7    1   1   9   1   0   1   1  80   0   0   0   4   0   0   0   1   0   0   0   0  1.87 0.61
   16 R   -2  6 -1 -3 -5  1 -2 -4 -1 -4 -1  2  0 -4 -5 -3 -1  1 -4 -2    2  54   3   1   0   7   2   1   1   1   7  12   2   1   0   1   3   2   0   2  1.03 0.42
   17 V   -1 -2 -2 -4 -2 -3 -2 -4 -2  1 -1 -2 -1  0  2 -1  3  0  1  3    2   2   1   0   1   0   3   1   1   9   3   2   1   4  10   3  22   1   6  29  0.40 0.26
   18 Y   -6 -6 -7 -8  0 -2 -7 -8 -1 -6 -4 -6 -5  3 -8 -6 -6 -2  9 -6    0   0   0   0   2   2   0   0   1   0   1   0   0  10   0   0   0   0  84   0  2.94 0.87
   19 Y   -7 -6 -7 -8 -7 -6 -7 -8 -3 -6 -5 -7 -5  4 -8 -6 -6 -2 10 -6    0   0   0   0   0   0   0   0   0   0   0   0   0  13   0   0   0   0  87   0  3.22 0.93
   20 F   -1 -4 -5 -4  0 -4 -4 -4 -4  2  0 -4 -1  4 -5 -4 -3 -4  3  5    4   1   0   1   2   1   1   1   0  13   8   1   1  18   0   0   0   0   9  41  0.83 0.36
   21 N   -6 -5  8  5 -1 -4 -4 -5  2 -7 -7 -4 -6 -7 -6 -2 -4 -8 -6 -7    0   0  66  26   1   0   0   0   5   0   0   0   0   0   0   2   0   0   0   0  2.11 0.70
   22 H   -3  1 -2 -5 -6  1 -1 -6  9 -3 -3 -2 -1 -5  0 -1  0 -6 -3 -1    2   7   1   0   0   5   3   0  56   2   3   2   1   0   4   3   7   0   0   4  1.54 0.56
   23 I    0 -1  3 -2 -2  0  0 -3  2  1 -1  0 -1  0 -2  0  0 -2  0  1    9   1  19   1   1   5   6   1   5  12   6   6   1   3   1   6   6   0   4   9  0.14 0.14
   24 T   -1 -3  2 -1 -2 -3 -1 -4 -4 -3 -2 -3 -4 -4 -5  0  6 -6 -2 -4    3   1  11   3   1   0   3   1   0   1   5   1   0   0   0   6  62   0   2   0  1.15 0.51
   25 N   -4  6  1 -4 -6  1 -1  0  0 -6 -5  4 -2 -6 -5 -1 -3 -6 -5 -5    0  39   7   0   0   5   3   8   2   0   0  29   1   0   0   5   1   0   0   0  1.06 0.44
   26 A   -1  1 -2 -3 -2  1  2 -3 -2 -1 -3  2 -2 -3 -3  1  4 -5 -4 -1    4   7   1   0   1   5  14   1   1   4   1  15   1   1   1   8  33   0   0   4  0.47 0.29
   27 S   -4 -3 -4 -5 -5 -4 -5 -3 -5 -5 -5 -4 -5 -6 -5  4  7 -6 -2 -2    0   1   0   0   0   0   0   1   0   0   0   0   0   0   0  27  68   0   1   2  1.75 0.68
   28 Q   -4  1 -3 -3 -3  8 -3 -6  0 -6 -6 -3 -4 -7 -5  0  3 -6 -5 -4    1   7   1   1   1  64   0   0   2   0   0   0   0   0   0   6  18   0   0   1  1.69 0.67
   29 W   -8 -8 -9 -10 -8 -7 -8 -8 -7 -8 -7 -8 -7 -1 -9 -8 -8 13  0 -8    0   0   0   0   0   0   0   0   0   0   0   0   0   2   0   0   0  95   3   0  4.95 1.22
   30 E   -4 -2  0  3 -3  2  6 -4  0 -3 -5 -1 -2 -6 -4 -1  1 -6 -5 -3    0   1   5  14   0   8  50   0   2   2   0   3   1   0   0   3   9   0   0   2  0.98 0.45
   31 R   -3  6 -3  2 -4 -1 -2 -5  4 -4 -3  1 -3 -2  3 -3 -3 -6 -4 -4    1  45   1  10   0   1   1   0  12   1   2   7   0   2  13   1   1   0   0   1  1.03 0.45
   32 P   -6 -7 -7 -6 -8 -6 -6 -7 -7 -8 -8 -6 -7 -9  9 -6 -6 -9 -8 -7    0   0   0   0   0   0   0   0   0   0   0   0   0   0 100   0   0   0   0   0  3.53 0.98
   33 S    0  0 -1 -1 -1  0  0 -1 -2 -2 -3 -1 -3 -3  0  2  4 -5 -2 -1    6   6   2   3   1   3   6   4   0   2   1   2   0   1   3  15  37   0   1   4  0.41 0.27
   34 G    2  0 -1  0 -3  0  1  2 -1 -1 -1  0 -1 -2 -1  1  0 -2 -3 -1   20   5   1   4   0   4   9  19   1   3   7   4   1   2   2   9   4   0   0   3  0.14 0.11
   35 N    0 -2  1  0 -4  1  1 -2  0 -4 -4 -2 -4 -5  5  1  2 -5 -4 -3    9   1   7   5   0   7  10   2   2   0   1   1   0   0  30  12  12   0   0   2  0.62 0.28
   36 S    3 -3 -1  1 -3 -1 -1  1 -2 -3 -3 -2 -3 -3  2  2  1 -4 -2 -1   30   0   2   9   0   2   2  10   1   0   1   1   0   1   9  18  11   0   1   3  0.39 0.24
   37 S    1 -1  0 -2 -3  1 -1 -1 -3 -3 -4  0 -1 -4  1  3  3 -4 -2 -2   12   3   3   1   0   8   2   3   0   1   0   4   1   0   7  27  25   0   1   1  0.41 0.25
   38 S    2 -2  0  1 -3  1  3 -1 -2 -4 -4  1 -3 -4  0  2  0 -4 -4 -2   17   0   4   7   0   5  24   2   0   0   0   7   0   0   4  22   6   0   0   2  0.40 0.22
   39 G    2 -4 -2 -3 -4 -3 -3  6 -4 -5 -5 -3 -4 -5 -3 -1 -3 -4 -4 -4   19   0   0   0   0   0   0  81   0   0   0   0   0   0   0   0   0   0   0   0  1.42 0.27

                      K         Lambda
Standard Ungapped    0.1258     0.3098
Standard Gapped      0.0410     0.2670
PSI Ungapped         0.1955     0.3177
PSI Gapped           0.0598     0.2670
