  126         A         R         N         D         C         Q         E         G         H         I         L         K         M         F         P         S         T         W         Y         V    
  1 V   1 -0.060151 -0.425885 -0.486037 -0.546188 -0.162012 -0.324024 -0.384176 -0.546188 -0.486037  0.425885  0.342466 -0.324024  0.222164 -0.101861 -0.384176 -0.324024 -0.060151 -0.425885 -0.162012  0.467595
  2 P   2 -0.252255 -0.504511 -0.504511 -0.252255 -0.756766 -0.252255 -0.252255 -0.504511 -0.504511 -0.756766 -0.756766 -0.252255 -0.504511 -1.009021  1.765787 -0.252255 -0.252255 -1.009021 -0.756766 -0.504511
  3 E   3 -0.486262 -0.312160  0.594940  0.854724 -1.230015  0.135832  0.711892  0.008844 -0.133063 -1.162099 -1.258027 -0.088164 -0.890712 -1.101948 -0.510636  0.083169 -0.344299 -1.220893 -0.890712 -0.973880
  4 I   4 -0.104284 -0.807170 -0.875133 -0.875133 -0.348989 -0.666447 -0.750381 -1.087364 -0.875133  0.907489  0.405358 -0.778359  0.225070 -0.192714 -0.834315 -0.490125 -0.264222 -0.971073 -0.373001  0.768019
  5 T   5 -0.092555 -0.605517 -0.141451 -0.117910 -0.542988 -0.379120 -0.307216 -0.411263 -0.685733 -0.293484 -0.379840 -0.435064 -0.312655 -0.658498 -0.563178  0.258343  0.380483 -0.989840 -0.727293 -0.207832
  6 T   6  0.356433 -0.144279 -0.285327 -0.579113 -0.495850 -0.341677 -0.397621 -0.075862 -0.649123 -0.553297 -0.550111 -0.285732 -0.434297 -0.824067 -0.509510  0.116419  0.434455 -0.920050 -0.768122 -0.241925
  7 A   7  0.257095 -0.433678 -0.485795 -0.755614 -0.744718 -0.594345 -0.650290  0.486427 -0.801656 -0.538543 -0.688788 -0.538401 -0.514897 -0.881246 -0.762178 -0.173877 -0.411789 -1.057744 -0.865286 -0.269231
  8 Q   8 -0.279187  0.141603  0.000000  0.032447 -1.130689  0.780944  0.673977 -0.586625 -0.252077 -1.047532 -0.879480  0.157062 -0.436156 -1.117614 -0.465095  0.066168  0.155159 -0.953477 -0.702268 -0.674199
  9 T   9 -0.632686 -0.056049  1.220065  0.353133 -1.268939  0.218230  0.170700 -0.574227 -0.199218 -1.268939 -1.203345  0.213506 -0.768185 -1.400232 -0.703827  0.324611  0.470565 -1.597758 -1.025223 -1.011902
 10 I  10 -0.178100 -0.982282 -1.144022 -1.367111 -0.838418 -0.940867 -1.122368 -1.186397 -1.284455  0.057347  0.130293 -0.994698 -0.052317 -0.648157 -1.197167 -0.670235 -0.509663 -0.847890 -0.744549  0.009027
 11 A  11  0.237018 -0.520598 -0.488950 -0.300926 -1.063864 -0.042378  0.080311 -0.995617 -0.963442 -0.789939 -0.892548 -0.130919 -0.599097 -1.405183 -0.576227  0.222460  0.306509 -1.804663 -1.202975 -0.359962
 12 N  12 -0.641069  0.217499  1.688679  0.535237 -1.835433  0.244084  0.559695 -0.507775 -0.030493 -1.862589 -1.790465  0.475513 -1.171164 -1.918533 -1.015646  0.481075 -0.236535 -2.373797 -1.418302 -1.646814
 13 S  13  0.349111 -1.047365 -1.189037 -1.302749 -0.941869 -0.796498 -0.745791 -1.186184 -1.187084 -0.325268 -0.378074 -0.590192 -0.254249 -0.271633 -1.051525 -0.039087 -0.342497 -1.532675 -0.596220 -0.102459
 14 V  14 -0.348965 -1.045693 -0.851567 -0.909021 -1.256998 -0.333765 -0.412869 -1.371252 -1.284473  0.102372 -0.377869 -0.836736 -0.194287 -1.146814 -1.235067 -0.342812  0.203712 -1.789900 -1.046772  0.387264
 15 V  15 -0.576287 -2.147825 -2.182124 -2.271593 -0.909069 -1.759873 -1.849342 -2.486973 -1.745175  1.873293  0.845567 -1.815043  0.561589  0.481531 -2.012646 -1.491530 -0.576287 -1.494609  0.128134  1.848262
 16 D  16 -0.495408 -0.504670  0.325547  1.914063 -1.954233  0.285159  1.366160 -0.801739 -0.567433 -1.911722 -2.142976  0.079224 -1.544052 -2.026670 -0.777969  0.130519 -0.559091 -2.497895 -1.744189 -1.578388
 17 A  17  0.607622 -0.857361 -0.418181 -0.565081 -1.513995 -0.284548 -0.214446  0.295832 -1.196918 -1.946684 -1.879953 -0.420229 -1.256011 -2.142356  0.032881  0.796248 -0.129053 -2.294969 -1.844227 -1.315332
 18 K  18 -0.392902  0.166006  1.168283 -0.021241 -1.863580  0.080702  0.113719 -0.164260 -0.567100 -2.188295 -1.966953  0.938711 -1.190208 -2.139955 -1.080153  1.114557 -0.068524 -2.499141 -1.730064 -1.870335
 19 K  19 -0.685141  1.533330  0.060151 -0.779591 -2.296028  0.745292  0.710993 -1.490584 -0.771145 -2.356179 -1.610887  3.623564 -0.805443 -2.356179 -0.839742  0.206306 -0.685141 -2.416330 -1.610887 -1.645186
 20 F  20 -1.194798 -1.787376 -1.678134 -2.068408 -1.368542 -1.691213 -1.896960 -2.200015 -0.919578 -0.035060  0.268383 -1.745238  0.041376  2.253161 -2.094629 -1.188453 -0.850348 -0.199335  1.157538 -0.501620
 21 D  21 -0.643357 -0.916789  0.239823  2.710378 -1.996510  0.142366  1.365232 -0.797888 -0.770844 -2.017854 -2.418587 -0.143145 -1.784410 -2.133176 -0.749499  0.115322 -0.634177 -2.718964 -1.969465 -1.738821
 22 Y  22 -1.154603 -1.626878 -1.506576 -2.068044 -0.958542 -1.023273 -1.564423 -2.068044  0.590509 -0.535041 -0.619315 -1.524590 -0.559164  1.898205 -2.192118 -1.098257 -1.194436  0.722161  3.585291 -0.598964
 23 L  23 -0.823139 -1.667250 -2.177180 -2.631166 -0.994706 -1.522196 -2.061557 -2.687110 -1.919915  1.001632  1.872703 -1.551627  1.055945  0.488339 -1.742635 -1.422995 -0.823139 -1.264609 -0.351544  0.508124
 24 F  24 -1.208952 -1.997982 -2.159659 -2.287038 -1.333494 -1.976337 -2.069416 -2.381488 -1.172536  0.491701  0.479968 -1.839141  0.267956  2.905427 -2.648725 -1.439773 -1.208952 -0.126631  1.254361 -0.081998
 25 G  25  0.134251 -1.466233 -0.187171 -0.899219 -2.067546 -1.466233 -1.500532  3.929299 -1.542669 -2.684536 -2.615938 -1.466233 -2.006787 -2.117522 -1.500532 -0.026460 -1.389797 -1.550508 -2.151821 -1.998948
 26 K  26 -0.592521  1.273645  0.271611 -1.022266 -1.971476  0.097561 -0.198569 -0.756243 -0.629250 -1.906421 -1.339005  1.199114 -0.832434 -2.014942 -1.269192 -0.192509 -0.377012 -2.143096 -1.535575 -1.584094
 27 A  27  1.445234 -1.666128 -2.041229 -2.041229 -0.430342 -1.290956 -1.290956 -1.346197 -2.041229  0.971096  0.110412 -1.290956  0.055241 -1.125374 -1.290956 -0.485583 -0.055171 -2.416330 -1.180545  1.666199
 28 T  28 -0.340107 -0.440824 -0.544816 -1.017816 -1.454515 -0.467838 -0.461304 -1.851622 -1.395848 -0.920002 -0.714359 -0.148232 -0.364105 -1.306038 -1.304498  0.138017  1.389751 -1.920184 -1.361777 -0.436163
 29 G  29 -0.126040 -1.325035  0.396970 -0.573430 -1.907011 -0.880425 -0.781608  1.369106 -0.970538 -2.150894 -2.219492 -0.950158 -1.482429 -1.381034 -1.607084  0.991939 -0.586856 -1.947949 -1.387088 -1.841549
 30 N  30 -0.909977 -0.763971  1.921354  0.937337 -2.442563 -0.173709  0.393758  0.271549 -0.417608 -2.556264 -2.667015 -0.399782 -1.856284 -2.534122 -0.915972  0.669318 -0.130978 -2.893944 -2.063165 -2.178755
 31 S  31  0.119544 -1.054787 -0.349070 -0.726778 -1.674863 -0.556513 -0.329811 -0.072279 -1.226711 -1.669452 -1.658334 -0.571203 -1.131970 -1.892122 -0.681936  0.483907 -0.314049 -1.877072 -1.643803 -1.200460
 32 H  32 -1.504684 -0.216532  0.457748 -0.924980 -2.487375  0.196668  0.046730 -1.823509  5.341816 -2.226786 -2.276976 -0.791648 -1.424607 -0.916026 -1.710552 -0.769553 -1.504684 -1.716292  1.441157 -2.087201
 33 T  33 -1.214003 -0.626956  3.261502  0.898006 -2.408062 -0.376189 -0.163332  0.302148 -0.144998 -2.562067 -2.668496 -0.482618 -1.888535 -2.589970 -1.559582  0.815162  0.419281 -3.137739 -2.070442 -2.301973
 34 L  34  0.012205 -1.850206 -1.675353 -2.157033 -0.849139 -1.578493 -1.769824 -2.393489 -2.256053  1.215610  0.863354 -1.578493  0.384948 -0.851400 -1.920477 -0.300447  0.411410 -2.440850 -1.289130  1.113458
 35 D  35 -0.448034 -0.260041 -0.206834  0.421801 -2.341341  0.640500  0.746332 -1.022691 -0.985301 -2.277888 -2.175750  0.607194 -1.278026 -2.559966 -0.384143  0.263218 -0.705764 -2.826230 -1.962650 -1.713982
 36 R  36 -0.844624  3.143317  0.064268 -1.485133 -2.635865  0.548518  0.008059 -1.427269 -0.316862 -2.504472 -1.741422  1.167142 -0.999819 -2.589521 -1.773960 -0.675326 -0.611684 -2.650405 -1.860951 -2.375344
 37 T  37  0.109503 -0.994267  0.116616 -0.280393 -1.292677 -0.283187 -0.146553 -1.119341 -0.819781 -1.232219 -1.231175 -0.505712 -0.598953 -1.631274 -1.199981  1.614479  0.905999 -2.453689 -1.557702 -1.063944
 38 N  38 -0.492151 -0.532028 -0.319587 -1.551400 -1.688188 -0.625927 -1.032050 -1.647948 -1.321056 -0.420623 -0.429961 -0.586024 -0.300912 -1.492901 -1.855938 -0.495809 -0.169010 -2.522837 -1.371853 -0.270781
 39 Q  39 -0.670290  0.116703 -0.109567  0.254785 -2.192887  1.765119  0.823913 -0.984605 -0.610247 -2.105423 -1.636059  0.325847 -0.664408 -2.208465 -1.028161 -0.080968 -0.660389 -2.010834 -1.372119 -1.557018
 40 L  40 -1.119602 -1.215389 -0.248671 -1.997859 -1.366502 -1.068062 -1.730074 -2.355875 -1.483174  0.585802  1.245617 -1.215389  1.088664 -0.740702 -2.223876 -0.857373 -0.625800 -2.202991 -1.119602  0.107328
 41 A  41  1.130606 -0.865249 -1.029432 -1.220585 -1.213045 -0.535097 -0.760740 -0.293426 -1.638470 -1.283274 -0.884270 -0.520251 -0.757501 -1.871831 -1.372555  0.253101 -0.550336 -2.517413 -1.802039 -0.793874
 42 L  42 -0.779266  0.981130 -0.427252 -0.899231 -2.357301  0.803713  0.538771 -2.006859 -0.864690 -1.778571 -0.941334  1.247320 -0.456635 -2.141068 -1.481690 -0.209481 -0.749834 -2.515573 -1.591614 -1.528837
 43 E  43 -0.996332 -0.783176 -0.565703  0.509174 -2.523678  0.817523  1.311377 -2.092354 -0.927658 -1.397432 -1.557294 -0.203223 -0.674899 -1.730100 -1.395825 -0.364220 -0.422810 -2.398880 -1.387510 -0.889754
 44 M  44 -0.937417 -1.818287 -2.573521 -3.328755 -1.023568 -1.508231 -2.487371 -3.328755 -2.391338  1.545012  2.659274 -1.732137  2.268338  0.460400 -2.578463 -1.641045 -0.937417 -1.453920 -0.568109  1.008743
 45 K  45 -0.448830  0.062824  1.004351  0.128744 -2.414438  0.409971  0.980556 -1.198494 -0.568239 -2.151204 -2.052875  0.898112 -1.306429 -2.509094 -1.316253  0.654496 -0.218598 -3.100436 -1.903889 -1.659202
 46 R  46 -0.602857  0.644071  0.015717 -0.559396 -2.159142  0.200017 -0.013269 -1.488601 -0.886792 -2.035980 -1.795496  0.814718 -0.980983 -2.103743 -1.255243  0.552838 -0.273514 -2.575402 -1.717098 -1.858409
 47 L  47 -0.217964 -2.085586 -2.174207 -2.905697 -1.146688 -1.856965 -2.286075 -2.202005 -2.568280  1.305038  1.531085 -1.856965  0.719231 -0.821556 -2.370350 -1.352533 -0.699961 -2.445579 -1.295993  1.204499
 48 G  48 -0.269777 -1.612574 -0.274077 -1.192881 -2.761577 -1.370918 -1.650161  4.008813 -1.605988 -3.312773 -3.112040 -1.485758 -2.295274 -2.409562 -1.962689 -0.222819 -1.800022 -1.751163 -2.066054 -2.500692
 49 V  49 -0.442391 -2.328817 -2.218754 -2.667308 -1.101658 -1.995088 -2.292138 -2.642987 -2.532631  2.186666  1.177158 -2.106203  1.041876 -0.623508 -2.376682 -1.428594 -0.700968 -2.618209 -1.179688  2.033353
 50 A  50 -0.531421 -0.839579 -0.956776 -0.970460 -1.877061 -0.363724 -0.446528 -1.727039 -0.335523 -1.434136 -1.462631 -0.631726 -1.000185 -0.839770 -0.589272 -0.322116 -0.654283 -1.675149  0.062115 -1.156551
 51 D  51 -1.118412 -1.036369  1.207940  2.068685 -2.396485  0.025696  0.838601 -0.615107 -0.452346 -2.352795 -2.675326 -0.596869 -1.942085 -2.211143 -1.236771  0.200418 -0.218390 -2.751731 -1.663607 -2.043359
 52 D  52 -0.822622 -1.115894  0.584451  0.865837 -1.863600 -0.215400  0.178729 -1.305414 -0.996492 -1.280175 -1.718603 -0.674468 -1.178285 -2.051073 -0.850028  0.247304  0.548098 -2.742883 -1.788279 -0.943301
 53 I  53  0.245183 -0.721080 -0.732343 -1.026915 -0.917296 -0.218368 -0.388046 -1.447520 -1.297869 -1.035123 -1.017691 -0.550462 -0.488469 -1.850216 -0.799521  0.453654 -0.207130 -2.555103 -1.641010 -0.772930
 54 N  54 -0.207414 -0.172594  0.560564 -0.244845 -2.001756 -0.097505 -0.124854 -0.286989 -0.850645 -2.038923 -1.986890  0.327267 -1.280455 -2.258613 -1.321004  0.363385 -0.318297 -2.672746 -1.738390 -1.512246
 55 G  55 -0.156339 -1.337713  0.139556 -0.538177 -2.263184 -1.056435 -0.874333  2.428119 -0.698433 -2.616852 -2.709844 -1.239254 -1.997861 -2.025301 -1.606539  0.170877 -1.220920 -1.924859 -1.620525 -2.053251
 56 H  56 -0.805651  1.930239  0.655445 -1.041695 -2.339134  0.560938  0.074143 -1.426952  1.098237 -2.394325 -1.895487  0.974658 -1.090725 -2.174013 -1.493246 -0.316908 -0.569307 -2.450854 -1.042489 -2.149422
 57 A  57  0.169313 -0.452369  0.360889 -0.087987 -1.863786  0.070440  0.454086 -0.614412 -0.857144 -1.788926 -1.716308  0.202038 -1.149818 -2.158917 -1.225604  0.706081 -0.364851 -2.767493 -1.793044 -1.348813
 58 V  58 -0.586895 -0.796233 -1.746874 -2.267572 -1.440963 -0.670317 -1.222493 -2.589391 -1.449879  0.475136  0.586524 -0.737876  0.748765 -0.665940 -1.983510 -1.149800 -0.810672 -1.837267 -0.440432  0.504558
 59 L  59 -0.908431 -2.182861 -2.568060 -2.985517 -1.003533 -2.087997 -2.568299 -3.540051 -2.694704  2.263555  2.651297 -2.119539  1.294107 -0.158185 -2.694704 -1.627134 -0.876889 -2.309505 -1.035313  1.386427
 60 A  60  0.223547 -1.096379 -0.932684 -1.674162 -1.375202 -0.918878 -0.931909 -1.870910 -1.626110 -0.486587 -0.107095 -0.818144 -0.187233 -1.054516 -1.837119 -0.104705  0.125848 -2.367064 -1.327627 -0.297620
 61 E  61 -0.999605  0.184289  0.708584  0.968564 -3.024351  1.542190  2.226180 -1.597549 -0.376551 -2.689261 -2.423367  1.182539 -1.284203 -2.772027 -1.121272  0.373423 -0.434503 -2.897029 -1.886120 -1.973021
 62 H  62 -1.217306 -0.221737 -0.311594 -1.319567 -2.421922  0.021315 -0.232483 -2.316900  2.586659 -1.372906 -1.550802 -0.406712 -0.912369 -1.319555 -1.892822 -0.871446 -1.218257 -2.350924  0.134534 -1.230066
 63 F  63 -1.461411 -2.057286 -2.662025 -3.110058 -1.658553 -2.139084 -2.504316 -3.323949 -1.599284  0.739243  1.311949 -2.179519  0.610128  2.398463 -3.267303 -1.866043 -1.461411 -0.677099  1.052491 -0.076456
 64 T  64 -0.163625 -0.480393 -0.377046 -0.257729 -1.955910  0.111571  0.293864 -1.128161 -1.250115 -1.904726 -1.761442 -0.063709 -1.163304 -2.170324 -1.292991  0.366201  0.500224 -2.017080 -1.771176 -1.289056
 65 Q  65 -0.712042  0.111589  0.250582  0.684198 -2.782569  1.357110  1.531341 -0.941897 -0.577678 -2.738722 -2.466938  0.852120 -1.389593 -2.674882 -1.139206  0.252027 -0.659505 -2.647138 -1.785805 -2.021635
 66 A  66  0.084193 -1.807179 -1.836930 -2.220270 -1.234756 -1.268078 -1.583308 -1.642550 -2.234321  0.657077  0.087847 -1.317262  0.379987 -1.097769 -1.822020 -0.798099 -0.026549 -2.333067 -1.284785  1.214962
 67 T  67 -0.264679 -1.461262 -1.577643 -2.083918 -1.375785 -0.997680 -1.338409 -2.139842 -1.904707  0.134984  0.347067 -1.076665  0.119147 -0.819846 -1.937155 -0.577423  0.149458 -2.041687 -0.957288  0.343860
 68 K  68 -1.224348 -0.313336  2.035431  0.359565 -2.498549  0.315040  0.129789 -0.774714  0.159694 -2.350566 -2.291292  0.106602 -1.381049 -2.152035 -1.607311  0.518168 -0.259585 -2.882774 -1.469932 -2.112016
 69 D  69 -0.777198 -0.359180  1.255651  0.786693 -2.246041 -0.159693  0.116408 -0.643284 -0.791694 -2.218094 -2.258163 -0.035961 -1.557324 -2.501835 -1.411691  0.482183  0.046982 -3.112936 -2.131121 -1.908391
 70 S  70  0.239330 -0.972748 -0.218381 -0.793403 -1.890707 -0.634038 -0.634038 -0.099714 -1.436595 -2.337209 -2.226445 -0.190984 -1.486070 -2.544275  0.591830  0.909032  0.054514 -2.880283 -2.209644 -1.676333
 71 N  71 -0.351395 -0.738496  0.318107 -0.393495 -2.038596 -0.401423 -0.061785 -0.772742 -0.230673 -1.920585 -1.859549 -0.284491 -1.303685 -1.704166 -1.498860  0.476396  0.103808 -2.456953 -1.334300 -1.493315
 72 N  72 -1.167707 -0.259876  2.082634  0.117158 -2.585907 -0.126688 -0.018304 -0.467605 -0.133607 -2.442114 -2.442119  0.189813 -1.591947 -2.368296 -1.243791  0.418073 -0.480992 -2.996576 -1.477689 -2.125355
 73 I  73 -0.798392 -2.427520 -2.503041 -2.742655 -1.169139 -2.040151 -2.206917 -3.346709 -2.081787  2.483196  1.379154 -2.198385  0.908601 -0.205236 -2.510209 -1.682726 -0.798392 -2.394838 -0.467615  2.156421
 74 V  74 -0.158389 -1.329435 -0.989812 -1.394517 -1.476719 -0.910130 -0.942169 -1.542209 -1.889277 -0.231087 -0.547200 -0.364127 -0.289153 -1.670721 -1.199832  0.170006  0.124241 -2.711584 -1.633830  0.167271
 75 K  75 -1.261644  0.651534 -0.003891  0.765599 -2.928259  0.764526  1.410761 -1.842413 -0.265394 -2.618020 -2.431765  1.052080 -1.581430 -2.216258 -1.387301 -0.370415 -0.832899 -2.516592 -1.140082 -2.162908
 76 K  76 -0.142395  0.190438 -0.162225 -1.068491 -1.793875 -0.043479 -0.354113 -1.237202 -1.292438 -1.582251 -1.412830  0.564076 -0.824770 -2.174861 -1.355604  0.726956  0.704920 -2.589328 -1.843558 -1.133227
 77 Y  77 -1.007188 -0.898350 -1.278322 -1.862349 -1.736112 -0.832196 -1.085181 -2.137373 -0.275459 -0.948192 -0.647540 -0.533732 -0.505883  1.039294 -2.135134 -0.734849 -0.786666 -0.436944  1.545354 -0.961914
 78 T  78 -0.341856 -0.587291 -0.045352 -0.840489 -1.703228 -0.541536 -0.677515 -1.654876 -1.407157 -1.465840 -1.308147 -0.437762 -0.988154 -2.269984 -0.111657  0.265852  1.376259 -2.689096 -1.960628 -0.932882
 79 D  79 -0.806352 -0.906612  0.696752  0.855727 -2.389756 -0.367672 -0.122155  0.370960 -1.218625 -2.574440 -2.637390 -0.531262 -1.732168 -2.580963 -1.375615  0.338822  0.139694 -2.703845 -2.357499 -2.028426
 80 Q  80 -0.766528  0.062887 -0.000271 -0.438589 -2.392202  1.441988  0.644955 -1.422117 -0.783546 -1.876338 -1.431683  0.543420 -0.385678 -2.282038 -1.346878  0.058915 -0.574194 -2.395971 -1.501571 -1.328530
 81 Y  81 -1.653313 -1.240252  0.136087 -1.230745 -2.063311 -0.556526 -1.054134 -2.030521  1.201961 -1.258836 -1.240079 -1.224108 -0.646453  0.276387 -2.238053 -0.894915 -1.033016 -0.695228  2.264738 -1.222327
 82 G  82 -0.600015 -0.737761 -0.087123 -0.854506 -2.466660 -0.564954 -0.933894  1.239270 -1.311950 -2.484912 -2.251603 -0.669426 -1.422421 -2.418743 -1.003594 -0.266272 -1.071711 -2.269680 -2.065173 -1.923791
 83 S  83 -0.368399 -1.075445  0.228025 -0.919239 -1.622935 -0.613915 -0.771006 -1.367017 -1.328469 -0.568097 -0.830130 -0.583148 -0.528120 -1.782469 -1.650507  0.241665  0.207496 -2.827720 -1.607252 -0.317179
 84 F  84 -1.405595 -1.517477 -1.428683 -1.697453 -1.867440 -1.686502 -1.682277 -2.334822 -0.921258 -0.417606 -0.567326 -1.567240 -0.403455  2.062785 -2.695088 -1.166304 -0.837706 -0.714763  0.871151 -0.796395
 85 E  85 -0.860781 -0.405995 -0.532907  0.132426 -2.677084  0.924232  1.913914 -2.222619 -0.611911 -1.501121 -1.543339  0.001875 -0.796051 -1.918720 -1.347039 -0.253480 -0.150689 -2.254955 -1.190177 -0.893821
 86 I  86  0.049625 -1.914912 -1.776945 -1.906368 -1.188177 -1.354053 -1.153381 -2.462717 -2.240701  1.088112  0.337156 -1.452270  0.142387 -1.209477 -1.829459 -0.547940  0.428273 -2.701643 -1.397047  1.410001
 87 R  87 -0.568714  2.241290 -0.148550 -1.571641 -2.316155  0.618228 -0.131910 -1.881523 -0.722430 -2.054405 -1.443343  1.338223 -0.519816 -2.492876 -1.583147 -0.400853 -0.101959 -2.684265 -1.793126 -1.625814
 88 E  88 -0.789593 -0.171292  0.305633  1.591509 -3.195869  1.074600  2.711108 -1.124336 -0.509867 -2.859299 -2.834735  0.926468 -1.881007 -2.860072 -1.075244  0.194591 -0.890226 -3.049769 -2.140037 -2.097413
 89 S  89  0.101236 -0.726725  0.252045 -0.229222 -1.476656 -0.213046 -0.007654 -0.954967 -1.063262 -1.123194 -1.461228 -0.242191 -0.771139 -1.861275 -1.290869  1.570396  0.241724 -2.875820 -1.723159 -0.981038
 90 F  90 -1.032748 -2.137521 -2.386310 -2.686638 -1.462664 -1.912042 -2.110450 -3.139712 -2.107332  0.894620  1.259954 -1.962932  0.563980  0.815943 -2.247501 -1.471498 -0.521305 -1.527887 -0.254287  0.482675
 91 F  91 -1.202229 -2.384573 -2.719280 -2.991816 -1.436995 -2.320751 -2.595211 -3.168467 -1.917712  1.226191  1.195190 -2.208948  0.775746  2.294281 -3.090768 -1.742963 -1.299280 -0.943690  0.651081  0.548461
 92 I  92 -0.275972 -1.168505 -1.241938 -1.701403 -1.402066 -1.228500 -1.254491 -2.261677 -1.773986  0.445001 -0.090404 -1.065085 -0.041033 -0.955976 -1.982530 -0.472284 -0.078712 -2.560712 -1.256921  0.438016
 93 G  93 -0.208255 -1.684653  0.701753 -0.718952 -2.858609 -1.665406 -1.665406  4.996217 -1.570902 -3.710559 -3.710559 -1.665406 -2.744858 -2.877856 -1.912155  0.190740 -1.646159 -2.178151 -2.764105 -2.877856
 94 P  94 -0.560030 -0.889682 -1.231368 -0.796235 -2.508217 -0.319114 -0.143522 -1.532304 -1.491538 -2.423739 -2.223077  0.185461 -1.311270 -3.037059  3.125508 -0.471119 -0.732577 -3.112855 -2.320968 -1.554335
 95 S  95 -0.575407 -0.117362  1.566339  0.327157 -2.284763  0.418893  0.596614 -0.732711 -0.441623 -2.471373 -2.301704  0.631276 -1.249831 -2.545105 -0.821148  1.406861 -0.097510 -3.126894 -1.980717 -2.166157
 96 G  96 -0.164296 -1.437252  0.260279 -0.559059 -2.824316 -1.512872 -1.442364  4.477118 -1.643121 -3.626113 -3.614823 -1.421700 -2.673385 -2.872841 -1.825342  0.026701 -1.676701 -2.217011 -2.764108 -2.797688
 97 K  97 -0.449047 -0.118600  0.191918 -0.249436 -2.239075  0.261600  0.184241 -0.642503 -1.102240 -2.408287 -2.146709  1.209104 -1.229739 -2.578287 -0.432586  0.745447 -0.230663 -2.774119 -2.014599 -1.762473
 98 A  98  0.246479 -1.801153 -0.879261 -1.747208 -1.466291 -1.687394 -1.718373 -0.255855 -1.843518 -0.297212 -0.823489 -1.687394 -0.745244 -1.202547 -2.015069 -0.406237 -0.491847 -2.470384 -1.489968  0.001280
 99 T  99  0.198734  0.173198 -0.767470 -1.336241 -1.577678 -0.221286 -0.490906 -1.701081 -1.451698 -1.137005 -0.833638  0.406197 -0.550616 -1.994982 -1.440061  0.139328  0.204129 -2.678773 -1.749696 -0.734107
100 V 100 -0.655782 -1.542895 -1.976316 -2.252164 -1.461115 -1.146122 -1.407886 -2.787886 -1.916276  1.265340  0.391177 -0.684858  0.628991 -0.977934 -1.652839 -1.330064 -0.655782 -2.470644 -0.866921  1.564382
101 F 101 -0.729675 -1.681754 -1.318916 -2.024785 -1.208010 -1.401380 -1.677817 -2.036324 -1.093396  0.237735  0.421416 -1.476311  0.180912  1.021207 -2.207491 -0.745774 -0.706597 -0.993689  0.509644 -0.052014
102 E 102 -0.812136 -0.146462 -0.208148 -0.336895 -2.244085  0.195425  0.892636 -1.824192 -0.392455 -1.407542 -1.280840 -0.119386 -0.864473 -1.315043 -1.436298 -0.302932  0.042726 -2.003739 -1.026740 -1.021719
103 S 103  0.388286 -1.027946 -0.382577 -1.078556 -0.688487 -0.827371 -0.938412 -1.060180 -1.468056 -0.802632 -0.766043 -0.800743 -0.583101 -1.230664 -1.314322  1.193629  1.265724 -2.073732 -1.438859 -0.606595
104 T 104 -0.396104 -1.415113 -0.452452 -0.110125 -1.380941 -0.927484 -0.674817 -1.238644 -1.207984 -0.973856 -1.306846 -1.189903 -1.111026 -1.058118 -1.347346  0.099963  1.168175 -1.762795 -0.864896 -0.588470
105 F 105 -1.139711 -1.541924 -1.970439 -1.885185 -1.611456 -1.513609 -1.640797 -1.841935 -0.884249 -1.011775 -0.828460 -1.535086 -0.534805  2.008959 -2.577169 -1.265331 -1.309559  1.261445  1.209787 -1.277731
106 E 106 -0.860548 -0.101097 -0.412212  0.182998 -2.507594  0.799601  1.628214 -1.864205 -0.359133 -1.583330 -1.631245  0.447219 -1.007030 -1.713330 -1.254393 -0.285089 -0.721915 -2.096553 -0.839766 -1.108053
107 V 107 -0.408503 -1.881931 -1.477712 -1.298486 -1.077694 -1.473067 -1.394571 -1.783907 -1.684923  0.875143  0.116632 -1.585256 -0.039566 -0.359999 -1.793625 -0.705836 -0.404261 -1.943973 -0.695163  0.778504
108 M 108 -0.646313 -1.235412 -0.901023 -1.585921 -1.034057 -0.720288 -1.299544 -2.020212 -1.423642  0.501000  0.682143 -1.030731  1.242144 -0.546736 -1.657395 -0.488654 -0.269952 -1.648782 -0.792570  0.432478
109 K 109 -0.845460 -1.230757 -1.152380 -1.004248 -1.944652 -0.613814 -0.828950 -1.056040 -1.293066 -2.120416 -1.882512 -0.681193 -1.056259 -1.881067  1.209054 -0.725233 -0.874190 -0.446053 -1.292042 -1.616078
110 D 110 -1.281786 -1.329686  0.877020  3.518141 -2.116288 -0.142350  1.044986 -0.365786 -0.728626 -2.167546 -2.761214 -0.736018 -2.069062 -2.156121 -0.830468  0.087059 -0.497017 -2.745756 -2.108896 -2.076454
111 G 111 -0.001988 -1.050727  0.015273 -0.684931 -1.842613 -0.976897 -1.052715  2.872133 -1.254147 -2.373920 -2.280840 -0.794124 -1.504817 -1.895795 -1.254147  0.326457 -1.034055 -1.508763 -1.878534 -1.802716
112 S 112 -0.172088 -0.536986  0.081276 -0.043457 -1.307445  0.192829  0.265483 -0.769148 -0.201522 -1.379769 -1.354040 -0.298269 -0.867942 -1.244231 -0.852097  0.673259  0.579660 -1.469721 -0.679636 -1.004458
113 H 113 -0.820607  1.121766  0.077082 -0.534073 -1.986899  0.310160  0.250373 -1.258958  0.470177 -1.898295 -1.551353  0.822136 -0.939180 -1.816552 -0.325463 -0.429385 -0.731667 -2.009542 -1.016755 -1.667023
114 R 114 -0.571859  2.278009 -0.110847 -1.198806 -1.861631  0.619917  0.012847 -1.401949 -0.338544 -1.731537 -1.127359  1.256770 -0.526499 -1.899916 -1.230685 -0.360962 -0.424702 -1.997931 -1.307911 -1.582398
115 F 115 -0.919800 -1.628395 -1.880267 -2.258956 -1.039815 -1.499394 -1.844797 -2.332208 -1.074230  0.767360  1.086947 -1.592925  0.766241  1.410381 -2.184407 -1.306879 -0.919800 -0.692676  0.446876  0.316171
116 I 116 -0.181379 -1.236745 -0.577183 -0.782080 -0.768073 -0.905348 -0.862503 -1.392195 -1.314607  0.427639 -0.058220 -0.947620 -0.096740 -0.807415 -1.208455  0.229104  0.387796 -1.857241 -1.027148  0.352553
117 T 117  0.000000 -0.791538 -0.219755 -0.791538 -0.645034 -0.718286 -0.718286 -1.363320 -1.363320 -0.352027 -0.498531 -0.718286 -0.498531 -1.216817 -0.718286  0.425279  2.858912 -1.363320 -1.216817  0.293007
118 T 118 -0.247596 -1.395955 -1.296677 -1.519781 -0.706993 -1.190734 -1.221622 -1.928615 -1.681019  1.212786  0.415350 -1.082260  0.291489 -0.667057 -1.283581 -0.682622  0.635809 -1.727534 -0.852695  1.440030
119 I 119 -0.656816 -1.649527 -1.758183 -1.869682 -0.714214 -1.646684 -1.729484 -2.412157 -1.660716  2.039978  1.143643 -1.563430  0.556051  0.008528 -1.818424 -1.193150 -0.656816 -1.666856 -0.401639  1.503644
120 P 120 -0.581777 -1.311261 -1.155215 -1.124007 -1.390133 -0.885335 -0.982922 -1.565924 -1.366576 -0.456854 -0.552192 -0.885335 -0.424426 -1.573214  1.653790 -0.783575 -0.497233 -2.160664 -1.347861 -0.188003
121 K 121 -0.515145  0.915494 -0.086097 -0.601242 -1.488037  0.429048  0.400349 -1.087688 -0.572543 -1.401940 -0.858096  2.374832 -0.429048 -1.459338 -0.572543 -0.057398 -0.515145 -1.516736 -1.001591 -0.944193
122 N 122 -0.285292 -0.346106  0.637545  0.171086 -0.939986 -0.235725 -0.096533  0.796040 -0.217866 -1.057848 -1.084228 -0.290915 -0.780503 -0.911175 -0.552259  0.101861 -0.348538 -0.892742 -0.780503 -0.882364
123 G 123  0.000000 -0.607450  0.000000 -0.303725 -0.911175 -0.607450 -0.607450  1.822350 -0.607450 -1.214900 -1.214900 -0.607450 -0.911175 -0.911175 -0.607450  0.000000 -0.607450 -0.607450 -0.911175 -0.911175
124 V 124  0.000000 -0.305583 -0.305583 -0.305583 -0.101861 -0.203722 -0.203722 -0.305583 -0.305583  0.305583  0.101861 -0.203722  0.101861 -0.101861 -0.203722 -0.203722  0.000000 -0.305583 -0.101861  0.407444
125 T 125  0.000000 -0.101861  0.000000 -0.101861 -0.101861 -0.101861 -0.101861 -0.203722 -0.203722 -0.101861 -0.101861 -0.101861 -0.101861 -0.203722 -0.101861  0.101861  0.509305 -0.203722 -0.203722  0.000000
126 K 126 -0.101861  0.203722  0.000000 -0.101861 -0.305583  0.101861  0.101861 -0.203722 -0.101861 -0.305583 -0.203722  0.509305 -0.101861 -0.305583 -0.101861  0.000000 -0.101861 -0.305583 -0.203722 -0.203722
