
Last position-specific scoring matrix computed, weighted observed percentages rounded down, information per position, and relative weight of gapless real matches to pseudocounts
           A  R  N  D  C  Q  E  G  H  I  L  K  M  F  P  S  T  W  Y  V   A   R   N   D   C   Q   E   G   H   I   L   K   M   F   P   S   T   W   Y   V
    1 V    0 -3 -3 -3 -1 -2 -3 -3 -3  3  1 -2  1 -1 -2 -2  0 -3 -1  4    0   0   0   0   0   0   0   0   0   0   0   0   0   0   0   0   0   0   0 100  0.34 0.00
    2 P   -1 -2 -2 -2 -3 -1 -1 -2 -2 -3 -3 -1 -3 -4  8 -1 -1 -4 -3 -2    0   0   0   0   0   0   0   0   0   0   0   0   0   0 100   0   0   0   0   0  2.04 0.00
    3 E   -1 -1  4  3 -3  1  4 -1  0 -3 -3  0 -2 -3 -2  0 -1 -4 -2 -3    0   0  36  18   0   0  46   0   0   0   0   0   0   0   0   0   0   0   0   0  0.56 0.01
    4 I    1 -3 -3 -3 -1 -2 -3 -3 -3  4  1 -2  1 -1 -2 -1 -1 -3 -2  3   18   0   0   0   0   0   0   0   0  63   0   0   0   0   0   0   0   0   0  18  0.27 0.01
    5 T    0 -2 -2 -2 -1 -2 -2  2 -3  2  1 -2  0 -1 -2 -1  1 -3 -2  1    0   0   0   0   0   0   0  28   0  18  18   0   0   0   0   0  18   0   0  18  0.17 0.00
    6 T    2 -2 -1 -2 -1 -1 -2  4 -2 -1 -2 -1 -1 -2 -2  0  1 -3 -2  0   29   0   0   0   0   0   0  42   0   0   0   0   0   0   0   0  15   0   0  14  0.34 0.01
    7 A    2 -2 -1 -2 -1 -2 -2  4 -2  1 -1 -2 -1 -2 -2  0 -1 -3 -2  1   29   0   0   0   0   0   0  42   0  15   0   0   0   0   0   0   0   0   0  14  0.31 0.01
    8 Q   -1  3  0  0 -3  3  3  2  0 -3 -3  1 -2 -3 -2  0 -1 -3 -2 -3    0  24   0   0   0  29  29  18   0   0   0   0   0   0   0   0   0   0   0   0  0.42 0.02
    9 T   -1  0  4  0 -2  0  0 -1 -1 -2 -2  2 -2 -3 -2  1  3 -3 -2 -1    0   0  39   0   0   0   0   0   0   0   0  20   0   0   0   0  42   0   0   0  0.38 0.03
   10 I    1 -2  1  1 -2 -1 -1  1 -2  1  1 -1  0 -1 -2  0 -1 -3 -2  0   25   0  15  12   0   0   0  10   0  21  17   0   0   0   0   0   0   0   0   0  0.09 0.01
   11 A    1  0 -1 -1 -2  0  1 -2 -1 -1 -2  2 -1 -3 -1  1  2 -3 -2  0   10   0   0   0   0   0  15   0   0   0   0  31   0   0   0  10  21   0   0  12  0.20 0.02
   12 N   -2  0  5  2 -3  0  0 -1  0 -3 -3  3 -2 -3 -2  0 -1 -4 -2 -3    0   0  57  10   0   0   0   0   0   0   0  33   0   0   0   0   0   0   0   0  0.58 0.06
   13 S    2 -2 -2 -2 -1 -1 -2 -2 -2  0  1 -1  0 -1  2  1  0 -3 -2  1   25   0   0   0   0   0   0   0   0   0  26   0   0   0  14  16   0   0   0  20  0.21 0.03
   14 V   -1 -1 -1 -1 -2  2  3 -3 -1  2  0 -1  0 -2 -2  0  0 -3 -2  1    0   0   0   0   0  11  31   0   0  30   0   0   0   0   0  12   0   0   0  16  0.19 0.04
   15 V   -1 -3 -4 -4 -2 -3 -3 -4 -3  4  1 -3  0  3 -3 -3 -1 -2  0  3    0   0   0   0   0   0   0   0   0  45   0   0   0  20   0   0   0   0   0  34  0.43 0.06
   16 D    1  1  0  4 -2  0  1 -1 -1 -2 -3  1 -2 -3 -1  0 -1 -3 -2 -2   23  10   0  47   0   0   1   1   0   1   1  12   0   0   1   1   1   0   0   1  0.40 0.05
   17 A    2 -1 -1 -1 -2 -1  0  3 -2 -3 -3  1 -2 -3  1  2  0 -3 -2 -2   35   0   0   0   0   0   8  25   0   0   0   9   0   0   6  18   0   0   0   0  0.34 0.05
   18 K    0  0  3  0 -2  0 -1  2 -1 -3 -3  2 -2 -3 -2  2  1 -3 -2 -3    0   0  24   0   0   0   0  19   0   0   0  22   0   0   0  26   8   0   0   0  0.36 0.06
   19 K   -1  1 -1 -1 -4  1  0 -2 -1 -4 -3  6 -2 -4 -2 -1 -1 -4 -3 -3    0   0   0   0   0   0   0   0   0   0   0 100   0   0   0   0   0   0   0   0  0.95 0.15
   20 F   -3 -3 -4 -4 -3 -3 -4 -4 -1  0  2 -3  0  6 -4 -3 -2  0  4 -1    0   0   0   0   0   0   0   0   0   0  25   0   0  59   0   0   0   0  16   0  0.76 0.10
   21 D   -2 -1  0  6 -4  0  3 -2 -2 -4 -4  1 -3 -4 -2 -1 -2 -5 -3 -4    0   0   0  75   0   0  17   0   0   0   0   8   0   0   0   0   0   0   0   0  0.99 0.12
   22 Y   -3 -3 -3 -4 -3 -2 -3 -4  1 -2 -2 -3 -2  4 -4 -3 -3  1  8 -2    0   0   0   0   0   0   0   0   0   0   0   0   0  17   0   0   0   0  83   0  1.30 0.16
   23 L   -2 -3 -4 -4 -2 -3 -3 -4 -3  1  4 -3  2  3 -3 -3 -1 -2  0  2    0   0   0   0   0   0   0   0   0   0  58   0   7  17   0   0   0   0   0  17  0.45 0.07
   24 F   -3 -4 -4 -4 -3 -4 -4 -4 -2 -1  0 -4 -1  8 -5 -3 -3  0  2 -2    0   0   0   0   0   0   0   0   0   0   0   0   0 100   0   0   0   0   0   0  1.35 0.16
   25 G    0 -3 -1 -2 -3 -3 -3  6 -3 -5 -4 -2 -3 -4 -3 -1 -2 -3 -4 -4    0   0   0   0   0   0   0 100   0   0   0   0   0   0   0   0   0   0   0   0  1.40 0.14
   26 K    0  4  3 -1 -3  0  0  0 -1 -3 -3  4 -2 -3 -2  0 -1 -3 -2 -3    6  30  20   0   0   0   0   6   0   0   0  38   0   0   0   0   0   0   0   0  0.47 0.08
   27 A    3 -2 -3 -3 -1 -2 -2 -2 -3  1 -1 -2  0 -2 -2  0 -1 -3 -2  3   49   0   0   0   0   0   0   0   0   0   0   0   0   0   0   0   0   0   0  51  0.40 0.10
   28 T    0  1  0  0 -2  0  0 -2 -2 -2 -2  1 -1 -3 -2  1  4 -3 -2 -1    8   9   0   6   0   0   6   0   0   0   0  13   0   0   0   6  53   0   0   0  0.35 0.08
   29 G    0 -2 -1 -1 -2 -1 -2  4 -1 -3 -3 -1 -2  1 -2  3  0 -2  1 -2    0   0   0   0   0   0   0  36   0   0   0   0   0   9   0  47   0   0   8   0  0.45 0.08
   30 N   -1 -2  4  3 -3 -1  0  2 -1 -3 -4 -1 -3 -3 -2  1  1 -4 -3 -3    0   0  34  25   0   0   0  19   0   0   0   0   0   0   0  14   9   0   0   0  0.49 0.07
   31 S    1 -1 -1 -2 -2 -1 -1  0 -2  0  0  0 -1 -2  4  2  1 -3 -2 -1   14   0   0   0   0   0   0   5   0   9   9   8   0   0  25  24   6   0   0   0  0.34 0.05
   32 H   -2 -1  0 -2 -4  0  1 -3  9 -4 -4 -2 -3 -2 -3  0 -2 -4  0 -4    0   0   0   0   0   0   7   0  85   0   0   0   0   0   0   8   0   0   0   0  1.46 0.23
   33 T   -2 -1  7  0 -3 -1 -1 -1  0 -4 -4 -1 -3 -4 -3  0  1 -5 -3 -3    0   0  90   0   0   0   0   0   0   0   0   0   0   0   0   0  10   0   0   0  1.17 0.21
   34 L    1 -2 -2 -2 -1 -2 -2 -2 -3  3  1 -2  0 -1 -2  1  2 -3 -2  1   13   0   0   0   0   0   0   0   0  32  10   0   0   0   0  12  26   0   0   6  0.23 0.08
   35 D    1  1  0  3 -3  2  2 -2 -1 -3 -3  1 -2 -3  1  1 -1 -3 -3 -2   14   8   0  24   0  13  20   0   0   0   0   7   0   0   6   7   0   0   0   0  0.38 0.07
   36 R   -2  7 -1 -3 -5  0 -1 -3 -1 -4 -3  1 -2 -4 -3 -2 -2 -4 -3 -4    0 100   0   0   0   0   0   0   0   0   0   0   0   0   0   0   0   0   0   0  1.37 0.22
   37 T    1 -2  0 -1 -2 -1 -1 -1 -2 -3 -3 -1 -2 -3 -2  5  2 -4 -3 -2    7   0   0   0   0   0   0   0   0   0   0   0   0   0   0  82  10   0   0   0  0.71 0.17
   38 N   -1  2  2 -1 -2  1 -1 -2 -1  0  1  0  0  1 -3 -1  1 -2 -1  0    0  19  19   0   0   6   0   0   0   0  26   0   0   7   0   0  15   0   0   7  0.15 0.07
   39 Q   -2  0  0  3 -4  5  2  0 -1 -4 -3  0 -2 -4 -2 -1  0 -3 -3 -3    0   0   0  24   0  54  10   6   0   0   0   0   0   0   0   0   6   0   0   0  0.65 0.14
   40 L   -2 -2  3 -2 -2 -2 -2 -3 -2  0  3 -2  5 -1 -3 -2 -1 -3 -2 -1    0   0  28   0   0   0   0   0   0   0  41   0  32   0   0   0   0   0   0   0  0.46 0.13
   41 A    1  0  1 -1 -2  2 -1  1 -1 -1  1  2 -1 -2 -2  0 -1 -3 -2 -1   23   0   9   0   0  13   0  10   0   0  21  19   0   0   0   5   0   0   0   0  0.14 0.06
   42 L   -1  3 -1  0 -3  3  1 -3 -1 -2  1  1 -1 -2 -2  0 -1 -3 -2 -2    0  30   0   6   0  26   6   0   0   0  19   7   0   0   0   6   0   0   0   0  0.34 0.09
   43 E   -1 -1 -1  1 -3  3  4 -3 -1  0 -2  1 -1 -3 -2 -1  1 -3 -2  0    0   0   0   8   0  19  38   0   0  10   0   7   0   0   0   0   9   0   0   9  0.35 0.09
   44 M   -2 -3 -4 -4 -2 -2 -3 -4 -3  1  4 -3  5  0 -4 -3 -2 -2 -2  1    0   0   0   0   0   0   0   0   0   0  63   0  30   0   0   0   0   0   0   7  0.66 0.15
   45 K    0  1  3  1 -3  1  2 -1 -1 -3 -3  2 -2 -3 -2  1 -1 -3 -2 -3   11   8  26   4   0   6  16   0   0   0   0  16   0   0   0  12   0   0   0   0  0.35 0.08
   46 R   -1  4  1  1 -3  0  0 -2 -1 -1 -2  2 -2 -3 -2  2 -1  2 -2 -2    0  33   9  10   0   0   0   0   0   8   0  11   0   0   0  25   0   4   0   0  0.33 0.10
   47 L    1 -3 -3 -4 -1 -2 -3 -3 -3  2  3 -3  1 -1 -3 -2 -1 -3 -2  2   19   0   0   0   0   0   0   0   0  19  44   0   0   0   0   0   0   0   0  17  0.34 0.09
   48 G   -1 -3 -1 -2 -4 -3 -3  6 -3 -5 -5 -2 -4 -4 -3 -1 -3 -4 -4 -4    0   0   0   0   0   0   0 100   0   0   0   0   0   0   0   0   0   0   0   0  1.53 0.21
   49 V   -2 -4 -4 -4 -2 -3 -4 -4 -4  5  2 -3  1 -1 -4 -3 -1 -3 -2  3    0   0   0   0   0   0   0   0   0  74  12   0   0   0   0   0   0   0   0  14  0.69 0.15
   50 A    0 -2 -1  2 -3 -1  1 -2  2 -2 -2 -1 -2  2  3  1  0 -1  3 -2    5   0   0  14   0   0   8   0   6   0   0   0   0  12  19  13   4   0  19   0  0.35 0.08
   51 D   -2 -2  3  5 -4 -1  2 -2 -1 -4 -4 -1 -3 -4 -2 -1  0 -5 -3 -3    0   0  21  56   0   0  14   0   0   0   0   0   0   0   0   0   8   0   0   0  0.82 0.15
   52 D   -1 -2  4  3 -2 -1 -1 -2 -2 -2 -2 -1 -2 -3 -2  0  4 -4 -3  0    0   0  27  21   0   0   0   0   0   0   0   0   0   0   0   0  45   0   0   8  0.51 0.14
   53 I    2 -1  0 -1 -2  1  1 -2 -1 -1 -1 -1  0 -3  3  1  0 -3 -2 -1   24   0   5   0   0   7  15   0   0   5   6   0   4   0  20   9   6   0   0   0  0.28 0.06
   54 N    2  1  1 -1 -2  0 -1  2 -1 -3 -3  2 -2 -2 -2  1 -1 -3  0 -2   33   7  11   0   0   0   0  14   0   0   0  19   0   0   0  10   0   0   6   0  0.25 0.08
   55 G   -1 -2  3  1 -3 -2 -2  5 -2 -4 -4 -2 -3 -4 -3  0 -2 -4 -4 -4    0   0  19   6   0   0   0  69   0   0   0   0   0   0   0   6   0   0   0   0  0.92 0.15
   56 H    0  5  3 -1 -4  0 -1 -2  4 -4 -3  2 -2 -3 -3 -1 -1 -4 -2 -3    8  50  19   0   0   0   0   0  14   0   0   8   0   0   0   0   0   0   0   0  0.61 0.14
   57 A    1 -1  3  2 -3  0  2  1 -1 -3 -3  1 -2 -3 -2  2  0 -4 -3 -3   12   0  18  16   0   0  19   8   0   0   0   7   0   0   0  19   0   0   0   0  0.34 0.07
   58 V   -2  1 -3 -3 -2 -1 -2 -3 -2  3  1  0  4 -1 -3 -2 -1 -2  1  1    0  12   0   0   0   0   0   0   0  26  11   8  27   0   0   0   0   0   6  11  0.27 0.10
   59 L   -2 -3 -4 -4 -2 -3 -4 -4 -4  4  4 -3  1  0 -4 -3 -2 -3 -2  1    0   0   0   0   0   0   0   0   0  48  52   0   0   0   0   0   0   0   0   0  0.63 0.14
   60 A    0 -2  1 -2 -2 -1  0 -2 -2  1  2 -2  2 -1 -2  0  2 -3 -2  0    9   0  12   0   0   0   7   0   0  15  27   0   9   0   0   4  18   0   0   0  0.14 0.06
   61 E   -1 -1  1  3 -3  2  4 -2 -1 -3 -3  1  0 -3 -2  1 -1 -3 -3 -3    0   0   5  16   0  13  43   0   0   0   0   6   5   0   0  11   0   0   0   0  0.52 0.12
   62 H   -1 -1 -1 -2 -3 -1 -1 -3  7  1 -2  2 -1  1 -3 -1  0 -3  0 -2    6   0   0   0   0   0   0   0  46  13   0  21   0   8   0   0   6   0   0   0  0.51 0.16
   63 F   -3 -3 -4 -4 -2 -3 -4 -4 -3  0  4 -3  1  5 -4 -3 -2 -1  1  0    0   0   0   0   0   0   0   0   0   0  61   0   0  39   0   0   0   0   0   0  0.72 0.17
   64 T    1  0  0  0 -2  1  1 -1 -1 -1  0  1 -1 -2 -1  1  2 -2 -2 -1   17   1   0   6   0   6   7   1   0   1  11  12   0   0   1  15  21   0   0   1  0.15 0.05
   65 Q   -1  1  1  3 -3  2  2  0  0 -3 -3  1 -2 -2 -1  0 -1 -2  1 -2    4   7   6  20   0  11  20   7   0   1   1   7   0   0   1   6   1   0   8   1  0.26 0.06
   66 A    0 -2 -1 -2 -1 -2 -2  1 -2  1  0 -2  1 -1 -2  0  1 -3 -2  3    5   1   0   1   0   0   1  14   0   8   1   1   7   0   1  10  12   0   0  38  0.16 0.07
   67 T    1 -2 -2 -2 -1 -2 -2 -2 -2  1  2 -2  0  1 -2 -1  1 -1  1  2   18   1   0   1   0   0   1   1   0   1  27   1   0   8   1   1  11   0   6  23  0.14 0.06
   68 K   -1  0  5  0 -3  3  0 -1  0 -3 -3  1 -2 -3 -2  1 -1 -3 -2 -3    1   1  53   1   0  18   1   1   0   1   1   8   0   0   1  12   1   0   0   1  0.58 0.14
   69 D    1  0  1  3 -2  1  0 -1 -1 -2 -2  0 -2 -3 -1  2  1 -3 -2 -2   14   6   5  30   0   8   1   1   0   1   1   1   0   0   1  16  14   0   0   1  0.30 0.07
   70 S    1 -1  1 -1 -2 -1 -1 -1 -1 -2 -2  2 -2  0  4  2  0 -2 -1 -2   11   1   8   1   0   0   1   1   0   1   1  20   0   8  25  21   1   0   0   1  0.38 0.08
   71 N    0 -1  1  1 -2  0  1  1 -1 -2 -2  0 -1 -2 -1  2  2 -3 -2  0    1   1   4   9   0   0  14  10   0   1   1   7   0   0   1  19  24   0   0   7  0.20 0.06
   72 N   -1 -1  4  0 -2 -1 -1  0 -1 -1 -2  0 -2 -2  2  0 -1 -2  1  0    1   1  41   1   0   0   1   7   0   1   1   8   0   0  10   7   1   0   7  14  0.29 0.09
   73 I   -1 -2 -2 -2 -2 -2  0 -3 -3  4  0 -2  0 -1 -2  0 -1 -3 -2  2    1   1   0   1   0   0   7   1   0  57   1   1   0   0   1  10   1   0   0  17  0.32 0.11
   74 V   -1 -1 -1  0 -2 -1 -1 -2 -2  1  1  1  0 -2 -2  1  0 -3 -2  2    0   0   0   7   0   0   0   0   0   3  22  19   0   0   0  18   5   0   0  26  0.12 0.08
   75 K   -2  3  0  3 -3  1  2 -2 -1 -3 -3  2 -2 -2 -2 -1 -1 -2  1 -3    1  21   0  30   0   6  18   1   0   0   1  13   0   0   0   1   0   0   7   0  0.43 0.09
   76 K    0  2  0 -1 -2  2  0 -1 -1 -2 -2  2 -1 -3 -1  3  3 -3 -2 -2    1  13   0   0   0  10   0   1   0   0   1  12   0   0   0  34  25   0   0   0  0.34 0.10
   77 Y    0 -1 -2 -2 -2 -1  0 -2 -1 -1  0  1 -1  4 -2 -1  1  0  3 -1   12   1   1   1   0   1   6   1   0   1   8  14   0  28   1   1  10   0  14   1  0.19 0.07
   78 T    0  0  3 -1 -2  1 -1 -2 -1 -3 -3  0 -2 -3  3  1  2 -4 -2 -2    3   6  25   0   0  11   0   0   0   0   0   0   0   0  18  15  22   0   0   0  0.44 0.11
   79 D   -1  0  2  2 -3 -1 -1  3 -1 -3 -3  1 -2 -3 -2  0  1 -3 -2 -2    1   6  10  14   0   0   1  37   0   0   1  12   0   0   1   1  15   0   0   1  0.36 0.08
   80 Q   -1  1  0  2 -2  3  2  0 -1 -2 -2  2 -1 -3 -1  0  0 -2 -2 -1    1   7   1  12   0  19  15   8   0   1   1  14   0   1   1   6   6   0   1   6  0.22 0.05
   81 Y   -2 -1  2  0 -2 -1 -1 -2  4 -1  0 -1 -1  1 -2 -1 -1  0  5 -1    1   1  15   6   0   1   1   1  13   1  12   1   0   1   1   1   1   0  37   6  0.34 0.10
   82 G   -1  0 -1  0 -2  1 -1  3 -1 -1 -1 -1 -1 -2  2 -1 -1 -2 -2 -1    2   6   1   6   0  14   1  33   0   6  10   1   0   1  12   2   1   0   1   1  0.24 0.05
   83 S    1 -1  2 -1 -1 -1 -1  1 -1 -1 -1  0 -1 -2 -1  1  1 -2 -2  0   17   1  18   1   0   1   1  13   0   1   8   6   0   1   1  12   9   0   1  11  0.12 0.04
   84 F   -2  0  2  1 -3 -1 -1 -2 -1 -1 -1  0 -1  5 -2 -1 -2 -1  1 -2    1   7  14  12   0   1   1   1   0   1   1   6   0  50   1   1   1   0   1   1  0.37 0.11
   85 E   -1  1 -1  0 -3  0  4 -2 -1  2 -1  0 -1 -2 -2 -1  0 -3 -2 -1    1  12   1   1   0   1  47   1   0  21   1   1   0   1   1   1   7   0   1   1  0.31 0.10
   86 I   -1 -2 -2 -2 -1 -2 -2 -2 -2  2  1 -2  0 -1 -2  0  3 -3 -2  2    1   0   0   1   0   0   1   1   0  16  13   1   0   0   1   7  30   0   0  27  0.23 0.08
   87 R   -2  6 -1 -2 -3  0 -1 -3 -1 -3 -2  2 -2 -3 -2 -1  1 -3 -2 -2    1  72   0   1   0   0   1   1   0   0   1   8   0   0   1   1  12   0   0   1  0.80 0.17
   88 E   -1  0  0  3 -3  2  4 -2 -1 -3 -3  2 -2 -3 -1  1 -1 -3 -2 -3    1   0   0  16   0   5  46   1   0   0   1  14   0   0   1  12   1   0   0   1  0.51 0.11
   89 S    0 -2 -1 -2 -2 -1 -2 -2 -2  0 -2 -2 -1 -3 -2  4  0 -4 -2  3    0   0   0   0   0   0   0   0   0   0   0   0   0   0   0  66   0   0   0  34  0.51 0.19
   90 F   -2 -2 -3 -3 -2 -2  0 -4 -3  2  3 -2  1  2 -3 -2 -1 -2 -1  2    0   0   0   0   0   0  13   0   0   6  45   0   0  12   0   0   0   0   0  24  0.31 0.10
   91 F   -1 -3 -4 -4 -2 -3 -3 -4 -3  2  2 -3  0  5 -3 -2 -2 -1  1  1    6   0   0   0   0   0   0   0   0  17  28   0   0  39   0   0   0   0   0  10  0.46 0.12
   92 I    1  0 -1  1 -2 -1 -1 -2 -2  2  0  0  1  0 -2  1  0 -3 -1  1   13   7   0  11   0   0   0   0   0  23   0   5   6   6   0  20   0   0   0  10  0.08 0.07
   93 G   -1 -3 -1 -2 -3 -3 -3  6 -3 -5 -5 -2 -4 -4 -3  0 -2 -3 -4 -4    0   0   0   0   0   0   0  95   0   0   0   0   0   0   0   5   0   0   0   0  1.41 0.22
   94 P   -1 -1 -2 -2 -3 -1 -1 -2 -2 -3 -3  1 -2 -3  7 -1  1 -3 -3 -2    1   1   1   1   0   1   1   1   0   1   1  11   0   0  66   1  12   0   0   1  1.30 0.15
   95 S    0 -1  4  0 -2  1  1 -1 -1 -3 -3 -1  0 -3 -2  3  0 -4 -2 -3    0   0  31   0   0   7  11   0   0   0   0   0   6   0   0  46   0   0   0   0  0.47 0.14
   96 G    1 -3 -1 -2 -3 -2 -3  6 -3 -4 -4 -2 -3 -4 -3 -1 -2 -3 -4 -3   11   0   0   0   0   0   0  89   0   0   0   0   0   0   0   0   0   0   0   0  1.23 0.18
   97 K    0  0  0 -1 -2  0  0  2 -1 -2 -2  3 -2 -3 -1  2  1 -3 -2 -1    0   0   0   0   0   3   0  19   0   0   1  30   0   0   0  25  12   0   0   7  0.26 0.08
   98 A    1 -2  0 -2 -2 -2 -2  1 -2  1  0 -2  0  2 -3 -1 -1 -2  0  2   21   0   7   0   0   0   0  11   0   6   7   0   0  17   0   0   0   0   0  30  0.15 0.07
   99 T    2  3 -1 -2 -2  0 -1 -2 -2 -1 -1  3 -1 -3 -2  0  1 -3 -2  0   25  25   0   0   0   0   0   0   0   0   6  25   0   0   0   0  11   0   0   9  0.25 0.09
  100 V   -1  0 -2 -2 -2  1 -1 -3  2  2  0  3  2 -2 -2 -1 -1 -3 -2  3    0   0   0   0   0   6   0   0   7  11   0  32  10   0   0   0   0   0   0  34  0.22 0.10
  101 F    0 -1  0 -2 -2 -1 -2 -2 -1  0  2 -1  0  4 -2 -1 -1  0  2  0    8   1   8   2   1   1   2   2   1   1  25   2   1  29   1   2   2   0  10   2  0.17 0.04
  102 E   -1  1  2  0 -2  1  3 -1  0 -1 -2  0 -1 -2 -1  0 -1 -2 -1  0    2   8  17   1   1   5  36   2   1   1   2   2   1   1   1   2   2   0   1  13  0.24 0.06
  103 S    1 -1  0 -1  4 -1 -1  1 -1 -2 -2 -1 -1 -2 -1  3  2 -2 -2 -1   10   1   1   1  12   1   1  12   0   1   2   1   0   1   1  36  17   0   1   1  0.27 0.07
  104 T    0 -1 -1  1 -1 -1 -1 -2 -1 -1 -1 -1 -1 -1 -1  1  4 -1  2  1    5   1   1   8   0   1   1   1   0   1   2   1   0   1   1   5  47   0  12  12  0.25 0.08
  105 F   -2 -2 -3 -3 -2 -2 -3 -3 -1 -1 -1 -3 -1  5 -3 -2 -2  8  3 -2    1   1   1   1   0   1   1   1   0   1   2   1   0  47   1   1   1  27   9   1  0.94 0.13
  106 E   -1  0 -1  0 -3  3  4 -3 -1 -2 -2  1 -2 -3 -2  0  1 -3 -2  0    0   0   0   0   0  16  56   0   0   0   0   7   0   0   0   0   9   0   0  11  0.50 0.10
  107 V   -1 -2 -1  1 -2 -2 -2 -3 -3  3  0 -2  0 -1 -2  1  1 -3 -2  3    0   0   0  11   0   0   0   0   0  33   0   0   0   0   0  14  10   0   0  31  0.22 0.07
  108 M   -1 -2  0 -3 -2 -2 -3 -3 -2  2  2 -2  5 -1 -3 -2  0 -2 -2  1    0   0   7   0   0   0   0   0   0  17  25   0  39   0   0   0   4   0   0   7  0.35 0.09
  109 K    0 -2  1  0 -3  0 -1 -2 -2 -3 -3  0 -2 -2  6 -1 -2  7 -1 -3    7   0   8   4   0   5   0   0   0   0   0   5   0   0  47   0   0  24   0   0  1.09 0.12
  110 D   -2 -2  2  7 -4 -1  1 -2 -2 -4 -4 -1 -4 -4 -2 -1 -2 -5 -4 -4    0   0  11  89   0   0   0   0   0   0   0   0   0   0   0   0   0   0   0   0  1.19 0.15
  111 G    0 -3 -1 -2 -3 -2 -3  6 -3 -5 -4 -2 -3 -4 -3 -1 -2 -3 -4 -4    0   0   0   0   0   0   0 100   0   0   0   0   0   0   0   0   0   0   0   0  1.38 0.15
  112 S    1 -1  0  1 -2  1  1  0 -1 -2 -2  0 -1 -3 -1  2  3 -3 -2 -1   12   0   0   7   0   7  11   5   0   0   1   0   0   0   0  18  36   0   0   0  0.27 0.06
  113 H   -1  4  1 -1 -3  0  0 -2  2 -2 -1  3 -1 -2 -2 -1 -1 -3 -1 -2    1  39   7   0   0   0   0   0   9   0   9  32   0   0   0   0   0   0   0   0  0.41 0.07
  114 R   -2  6 -1 -2 -3  0 -1 -3 -1 -2  0  1 -1 -3 -3 -1  0 -3 -2 -1    0  76   0   0   0   0   0   0   0   0  10   0   0   0   0   0   7   0   0   6  0.68 0.13
  115 F   -2 -3 -4 -4 -2 -3 -4 -4 -3  2  3 -3  1  4 -4 -3 -2 -1  1  0    0   0   0   0   0   0   0   0   0  10  55   0   0  35   0   0   0   0   0   0  0.53 0.09
  116 I    0 -2  1 -1 -1 -1 -1 -2 -2  2  0 -1 -1 -2 -2  3  2 -3 -2  0    0   0   6   0   0   0   0   0   0  20   7   0   0   0   0  44  18   0   0   4  0.24 0.08
  117 T   -1 -2 -1 -2 -2 -1 -2 -2 -3 -1 -2 -1 -1 -3 -2  1  6 -3 -2  1    0   0   0   0   0   0   0   0   0   0   0   0   0   0   0   0  90   0   0  10  0.73 0.16
  118 T   -1 -2 -2 -3 -2 -2 -2 -3 -3  3  0  0  2 -1 -2 -1  2 -3 -2  3    0   0   0   0   0   0   0   0   0  32   0  10   8   0   0   0  23   0   0  27  0.24 0.07
  119 I   -2 -3 -3 -3 -2 -3 -3 -4 -4  5  1  0  0 -1 -3 -3 -1 -3 -2  2    0   0   0   0   0   0   0   0   0  91   0   9   0   0   0   0   0   0   0   0  0.59 0.13
  120 P   -1 -3 -3 -3 -2 -2 -2 -3 -3  1  0 -2 -1 -2  6 -2 -1 -4 -3  1    0   0   0   0   0   0   0   0   0  16  11   0   0   0  58   0   0   0   0  15  1.02 0.08
  121 K   -1  1 -1 -1 -3  1  0 -2 -1 -2  0  5 -1 -3 -2 -1 -1 -3 -2 -2    0   0   0   0   0   0   0   0   0   0  12  88   0   0   0   0   0   0   0   0  0.58 0.10
  122 N   -1 -2  2  1 -3 -1  0  5 -1 -4 -4 -1 -3 -3 -2  0 -1 -3 -3 -3    0   0  17   9   0   0   9  65   0   0   0   0   0   0   0   0   0   0   0   0  0.70 0.04
  123 G    0 -3 -1 -2 -3 -2 -3  6 -2 -4 -4 -2 -3 -4 -3 -1 -2 -3 -4 -4    0   0   0   0   0   0   0 100   0   0   0   0   0   0   0   0   0   0   0   0  1.22 0.07
  124 V    0 -3 -3 -3 -1 -2 -3 -3 -3  3  1 -2  1 -1 -2 -2  0 -3 -1  4    0   0   0   0   0   0   0   0   0   0   0   0   0   0   0   0   0   0   0 100  0.34 0.00
  125 T    0 -1  0 -1 -1 -1 -1 -2 -2 -1 -1 -1 -1 -2 -1  1  5 -3 -2  0    0   0   0   0   0   0   0   0   0   0   0   0   0   0   0   0 100   0   0   0  0.46 0.00
  126 K   -1  2  0 -1 -3  1  1 -2 -1 -3 -3  5 -1 -3 -1  0 -1 -3 -2 -2    0   0   0   0   0   0   0   0   0   0   0 100   0   0   0   0   0   0   0   0  0.51 0.00

                      K         Lambda
Standard Ungapped    0.1309     0.3155
Standard Gapped      0.0410     0.2670
PSI Ungapped         0.1274     0.3178
PSI Gapped           0.0390     0.2670
