   34         A         R         N         D         C         Q         E         G         H         I         L         K         M         F         P         S         T         W         Y         V         X    
  1 F   1 0.0000000 0.0000000 0.0000000 0.0000000 0.0000000 0.0000000 0.0000000 0.0000000 0.0000000 0.0000000 0.0000000 0.0000000 0.0000000 0.7492062 0.0000000 0.0000000 0.0000000 0.0000000 0.0714181 0.0000000 0.1793757
  2 N   2 0.0000000 0.0000000 0.7094660 0.1624146 0.0000000 0.0000000 0.0000000 0.0000000 0.0000000 0.0000000 0.0000000 0.0000000 0.0000000 0.0000000 0.0000000 0.0714181 0.0000000 0.0000000 0.0000000 0.0000000 0.0567013
  3 M   3 0.0420864 0.0000000 0.0000000 0.0517744 0.0000000 0.0000000 0.2243082 0.0000000 0.0000000 0.0000000 0.0000000 0.5570116 0.1248193 0.0000000 0.0000000 0.0000000 0.0000000 0.0000000 0.0000000 0.0000000 0.0000000
  4 Q   4 0.3022538 0.0000000 0.0000000 0.1073996 0.0000000 0.1248193 0.4529367 0.0000000 0.0000000 0.0000000 0.0000000 0.0125905 0.0000000 0.0000000 0.0000000 0.0000000 0.0000000 0.0000000 0.0000000 0.0000000 0.0000000
  5 C   5 0.0000000 0.0151330 0.0000000 0.0000000 0.1248193 0.7513634 0.0000000 0.0000000 0.0000000 0.0000000 0.0000000 0.0000000 0.0000000 0.0000000 0.1086843 0.0000000 0.0000000 0.0000000 0.0000000 0.0000000 0.0000000
  6 Q   6 0.0000000 0.0000000 0.0000000 0.0000000 0.0000000 0.8913157 0.0000000 0.0000000 0.0000000 0.0000000 0.0000000 0.1086843 0.0000000 0.0000000 0.0000000 0.0000000 0.0000000 0.0000000 0.0000000 0.0000000 0.0000000
  7 R   7 0.0000000 0.1248193 0.6663397 0.0000000 0.0000000 0.0000000 0.0000000 0.0000000 0.0000000 0.0000000 0.0000000 0.0000000 0.0000000 0.0000000 0.0000000 0.1001567 0.1086843 0.0000000 0.0000000 0.0000000 0.0000000
  8 R   8 0.8751807 0.1248193 0.0000000 0.0000000 0.0000000 0.0000000 0.0000000 0.0000000 0.0000000 0.0000000 0.0000000 0.0000000 0.0000000 0.0000000 0.0000000 0.0000000 0.0000000 0.0000000 0.0000000 0.0000000 0.0000000
  9 F   9 0.0000000 0.0000000 0.0000000 0.0000000 0.0000000 0.0000000 0.0000000 0.0000000 0.0000000 0.0000000 0.0000000 0.0000000 0.0000000 0.8913157 0.0000000 0.0000000 0.0000000 0.0000000 0.1086843 0.0000000 0.0000000
 10 Y  10 0.0000000 0.0000000 0.0000000 0.0000000 0.0000000 0.0000000 0.0000000 0.0000000 0.0000000 0.0000000 0.0000000 0.0000000 0.0000000 0.0000000 0.0000000 0.0339376 0.0000000 0.1086843 0.8573782 0.0000000 0.0000000
 11 E  11 0.0000000 0.0000000 0.0000000 0.0000000 0.0000000 0.1095789 0.8904211 0.0000000 0.0000000 0.0000000 0.0000000 0.0000000 0.0000000 0.0000000 0.0000000 0.0000000 0.0000000 0.0000000 0.0000000 0.0000000 0.0000000
 12 A  12 0.1248193 0.0000000 0.0000000 0.0000000 0.0000000 0.0000000 0.0000000 0.0000000 0.0000000 0.7316642 0.0000000 0.0000000 0.0000000 0.0000000 0.0000000 0.0000000 0.0000000 0.0000000 0.0000000 0.1435165 0.0000000
 13 L  13 0.0000000 0.0000000 0.0000000 0.0000000 0.0000000 0.0000000 0.0000000 0.0000000 0.0000000 0.0000000 0.8038532 0.0000000 0.0000000 0.0000000 0.0000000 0.0000000 0.0000000 0.0000000 0.0000000 0.1961468 0.0000000
 14 H  14 0.0000000 0.0000000 0.3392975 0.0000000 0.0000000 0.0000000 0.0000000 0.0000000 0.5180806 0.0000000 0.0000000 0.1426218 0.0000000 0.0000000 0.0000000 0.0000000 0.0000000 0.0000000 0.0000000 0.0000000 0.0000000
 15 D  15 0.0000000 0.0000000 0.0000000 0.1248193 0.0000000 0.0000000 0.0000000 0.0000000 0.0000000 0.0000000 0.6114826 0.0000000 0.2636981 0.0000000 0.0000000 0.0000000 0.0000000 0.0000000 0.0000000 0.0000000 0.0000000
 16 P  16 0.0000000 0.0000000 0.0000000 0.0000000 0.0000000 0.0000000 0.0000000 0.0000000 0.0000000 0.0000000 0.0000000 0.0000000 0.0000000 0.0000000 0.9558934 0.0441066 0.0000000 0.0000000 0.0000000 0.0000000 0.0000000
 17 N  17 0.0000000 0.0000000 0.9633859 0.0000000 0.0000000 0.0000000 0.0000000 0.0000000 0.0000000 0.0000000 0.0000000 0.0000000 0.0000000 0.0000000 0.0000000 0.0000000 0.0000000 0.0000000 0.0366141 0.0000000 0.0000000
 18 L  18 0.0000000 0.0000000 0.0000000 0.0000000 0.0000000 0.0000000 0.0000000 0.0000000 0.0000000 0.0000000 1.0000000 0.0000000 0.0000000 0.0000000 0.0000000 0.0000000 0.0000000 0.0000000 0.0000000 0.0000000 0.0000000
 19 N  19 0.0000000 0.0000000 0.7294647 0.0000000 0.0000000 0.0000000 0.0000000 0.0000000 0.0000000 0.0000000 0.0000000 0.0000000 0.0000000 0.0000000 0.0000000 0.0560120 0.2145232 0.0000000 0.0000000 0.0000000 0.0000000
 20 E  20 0.1095789 0.0000000 0.0000000 0.0427757 0.0000000 0.0000000 0.7389611 0.0000000 0.0000000 0.0000000 0.0000000 0.0000000 0.0000000 0.0000000 0.1086843 0.0000000 0.0000000 0.0000000 0.0000000 0.0000000 0.0000000
 21 E  21 0.0384131 0.0000000 0.0000000 0.1095789 0.0000000 0.0000000 0.8368900 0.0000000 0.0000000 0.0000000 0.0000000 0.0000000 0.0000000 0.0000000 0.0000000 0.0000000 0.0000000 0.0000000 0.0000000 0.0151180 0.0000000
 22 Q  22 0.0000000 0.0000000 0.0000000 0.0000000 0.0000000 1.0000000 0.0000000 0.0000000 0.0000000 0.0000000 0.0000000 0.0000000 0.0000000 0.0000000 0.0000000 0.0000000 0.0000000 0.0000000 0.0000000 0.0000000 0.0000000
 23 R  23 0.0000000 0.9324545 0.0000000 0.0000000 0.0000000 0.0675455 0.0000000 0.0000000 0.0000000 0.0000000 0.0000000 0.0000000 0.0000000 0.0000000 0.0000000 0.0000000 0.0000000 0.0000000 0.0000000 0.0000000 0.0000000
 24 N  24 0.0000000 0.1086843 0.8913157 0.0000000 0.0000000 0.0000000 0.0000000 0.0000000 0.0000000 0.0000000 0.0000000 0.0000000 0.0000000 0.0000000 0.0000000 0.0000000 0.0000000 0.0000000 0.0000000 0.0000000 0.0000000
 25 A  25 0.3878115 0.0000000 0.0000000 0.0000000 0.0000000 0.0000000 0.0000000 0.6121885 0.0000000 0.0000000 0.0000000 0.0000000 0.0000000 0.0000000 0.0000000 0.0000000 0.0000000 0.0000000 0.0000000 0.0000000 0.0000000
 26 K  26 0.0000000 0.0000000 0.0000000 0.0000000 0.0000000 0.0000000 0.0000000 0.0000000 0.0000000 0.0000000 0.0000000 0.1248193 0.0000000 0.8164898 0.0000000 0.0000000 0.0000000 0.0000000 0.0586909 0.0000000 0.0000000
 27 I  27 0.0000000 0.0000000 0.0000000 0.0000000 0.0000000 0.0000000 0.0000000 0.0000000 0.0000000 1.0000000 0.0000000 0.0000000 0.0000000 0.0000000 0.0000000 0.0000000 0.0000000 0.0000000 0.0000000 0.0000000 0.0000000
 28 K  28 0.0000000 0.1086843 0.0000000 0.0000000 0.0000000 0.7664964 0.0000000 0.0000000 0.0000000 0.0000000 0.0000000 0.1248193 0.0000000 0.0000000 0.0000000 0.0000000 0.0000000 0.0000000 0.0000000 0.0000000 0.0000000
 29 S  29 0.0000000 0.0000000 0.0000000 0.0000000 0.0000000 0.0000000 0.0000000 0.0000000 0.0000000 0.0000000 0.0000000 0.0000000 0.0000000 0.0000000 0.0000000 1.0000000 0.0000000 0.0000000 0.0000000 0.0000000 0.0000000
 30 I  30 0.0000000 0.0000000 0.0000000 0.0000000 0.0000000 0.0000000 0.0000000 0.0000000 0.0000000 0.1248193 0.8751807 0.0000000 0.0000000 0.0000000 0.0000000 0.0000000 0.0000000 0.0000000 0.0000000 0.0000000 0.0000000
 31 R  31 0.0000000 0.1248193 0.0000000 0.0000000 0.0000000 0.0000000 0.0000000 0.0000000 0.0000000 0.0000000 0.0000000 0.7664964 0.0000000 0.0000000 0.0000000 0.0000000 0.0000000 0.0000000 0.1086843 0.0000000 0.0000000
 32 D  32 0.0000000 0.0000000 0.0000000 1.0000000 0.0000000 0.0000000 0.0000000 0.0000000 0.0000000 0.0000000 0.0000000 0.0000000 0.0000000 0.0000000 0.0000000 0.0000000 0.0000000 0.0000000 0.0000000 0.0000000 0.0000000
 33 D  33 0.0000000 0.0000000 0.0000000 1.0000000 0.0000000 0.0000000 0.0000000 0.0000000 0.0000000 0.0000000 0.0000000 0.0000000 0.0000000 0.0000000 0.0000000 0.0000000 0.0000000 0.0000000 0.0000000 0.0000000 0.0000000
 34 C  34 0.0000000 0.0000000 0.0000000 0.0000000 0.1248193 0.0000000 0.0000000 0.0000000 0.0000000 0.0000000 0.0000000 0.0000000 0.0000000 0.0000000 0.0000000 0.0000000 0.0000000 0.0000000 0.0000000 0.0000000 0.8751807
