   34         A         R         N         D         C         Q         E         G         H         I         L         K         M         F         P         S         T         W         Y         V    
  1 F   1 0.0000000 0.0000000 0.0000000 0.0000000 0.0000000 0.0000000 0.0000000 0.0000000 0.0000000 0.0000000 0.0000000 0.0000000 0.0000000 0.9068770 0.0000000 0.0000000 0.0000000 0.0000000 0.0931230 0.0000000
  2 N   2 0.0000000 0.0000000 0.7547872 0.1632888 0.0000000 0.0000000 0.0000000 0.0000000 0.0000000 0.0000000 0.0000000 0.0000000 0.0000000 0.0000000 0.0000000 0.0819240 0.0000000 0.0000000 0.0000000 0.0000000
  3 M   3 0.0422804 0.0000000 0.0000000 0.0477959 0.0000000 0.0000000 0.2174825 0.0000000 0.0000000 0.0000000 0.0000000 0.5528035 0.1396378 0.0000000 0.0000000 0.0000000 0.0000000 0.0000000 0.0000000 0.0000000
  4 Q   4 0.2899868 0.0000000 0.0000000 0.1066408 0.0000000 0.1396378 0.4512131 0.0000000 0.0000000 0.0000000 0.0000000 0.0125215 0.0000000 0.0000000 0.0000000 0.0000000 0.0000000 0.0000000 0.0000000 0.0000000
  5 C   5 0.0000000 0.0150640 0.0000000 0.0000000 0.1396378 0.7366829 0.0000000 0.0000000 0.0000000 0.0000000 0.0000000 0.0000000 0.0000000 0.0000000 0.1086153 0.0000000 0.0000000 0.0000000 0.0000000 0.0000000
  6 Q   6 0.0000000 0.0000000 0.0000000 0.0000000 0.0000000 0.8913847 0.0000000 0.0000000 0.0000000 0.0000000 0.0000000 0.1086153 0.0000000 0.0000000 0.0000000 0.0000000 0.0000000 0.0000000 0.0000000 0.0000000
  7 R   7 0.0000000 0.1396378 0.6522801 0.0000000 0.0000000 0.0000000 0.0000000 0.0000000 0.0000000 0.0000000 0.0000000 0.0000000 0.0000000 0.0000000 0.0000000 0.0994669 0.1086153 0.0000000 0.0000000 0.0000000
  8 R   8 0.8603622 0.1396378 0.0000000 0.0000000 0.0000000 0.0000000 0.0000000 0.0000000 0.0000000 0.0000000 0.0000000 0.0000000 0.0000000 0.0000000 0.0000000 0.0000000 0.0000000 0.0000000 0.0000000 0.0000000
  9 F   9 0.0000000 0.0000000 0.0000000 0.0000000 0.0000000 0.0000000 0.0000000 0.0000000 0.0000000 0.0000000 0.0000000 0.0000000 0.0000000 0.8913847 0.0000000 0.0000000 0.0000000 0.0000000 0.1086153 0.0000000
 10 Y  10 0.0000000 0.0000000 0.0000000 0.0000000 0.0000000 0.0000000 0.0000000 0.0000000 0.0000000 0.0000000 0.0000000 0.0000000 0.0000000 0.0000000 0.0000000 0.0292625 0.0000000 0.1086153 0.8621222 0.0000000
 11 E  11 0.0000000 0.0000000 0.0000000 0.0000000 0.0000000 0.1024302 0.8975698 0.0000000 0.0000000 0.0000000 0.0000000 0.0000000 0.0000000 0.0000000 0.0000000 0.0000000 0.0000000 0.0000000 0.0000000 0.0000000
 12 A  12 0.1396378 0.0000000 0.0000000 0.0000000 0.0000000 0.0000000 0.0000000 0.0000000 0.0000000 0.7286695 0.0000000 0.0000000 0.0000000 0.0000000 0.0000000 0.0000000 0.0000000 0.0000000 0.0000000 0.1316928
 13 L  13 0.0000000 0.0000000 0.0000000 0.0000000 0.0000000 0.0000000 0.0000000 0.0000000 0.0000000 0.0000000 0.8130783 0.0000000 0.0000000 0.0000000 0.0000000 0.0000000 0.0000000 0.0000000 0.0000000 0.1869217
 14 H  14 0.0000000 0.0000000 0.3265919 0.0000000 0.0000000 0.0000000 0.0000000 0.0000000 0.5355302 0.0000000 0.0000000 0.1378778 0.0000000 0.0000000 0.0000000 0.0000000 0.0000000 0.0000000 0.0000000 0.0000000
 15 D  15 0.0000000 0.0000000 0.0000000 0.1396378 0.0000000 0.0000000 0.0000000 0.0000000 0.0000000 0.0000000 0.6049856 0.0000000 0.2553766 0.0000000 0.0000000 0.0000000 0.0000000 0.0000000 0.0000000 0.0000000
 16 P  16 0.0000000 0.0000000 0.0000000 0.0000000 0.0000000 0.0000000 0.0000000 0.0000000 0.0000000 0.0000000 0.0000000 0.0000000 0.0000000 0.0000000 0.9525800 0.0474200 0.0000000 0.0000000 0.0000000 0.0000000
 17 N  17 0.0000000 0.0000000 0.9633580 0.0000000 0.0000000 0.0000000 0.0000000 0.0000000 0.0000000 0.0000000 0.0000000 0.0000000 0.0000000 0.0000000 0.0000000 0.0000000 0.0000000 0.0000000 0.0366420 0.0000000
 18 L  18 0.0000000 0.0000000 0.0000000 0.0000000 0.0000000 0.0000000 0.0000000 0.0000000 0.0000000 0.0000000 1.0000000 0.0000000 0.0000000 0.0000000 0.0000000 0.0000000 0.0000000 0.0000000 0.0000000 0.0000000
 19 N  19 0.0000000 0.0000000 0.7335473 0.0000000 0.0000000 0.0000000 0.0000000 0.0000000 0.0000000 0.0000000 0.0000000 0.0000000 0.0000000 0.0000000 0.0000000 0.0514340 0.2150188 0.0000000 0.0000000 0.0000000
 20 E  20 0.1024302 0.0000000 0.0000000 0.0381977 0.0000000 0.0000000 0.7507568 0.0000000 0.0000000 0.0000000 0.0000000 0.0000000 0.0000000 0.0000000 0.1086153 0.0000000 0.0000000 0.0000000 0.0000000 0.0000000
 21 E  21 0.0381371 0.0000000 0.0000000 0.1024302 0.0000000 0.0000000 0.8443836 0.0000000 0.0000000 0.0000000 0.0000000 0.0000000 0.0000000 0.0000000 0.0000000 0.0000000 0.0000000 0.0000000 0.0000000 0.0150490
 22 Q  22 0.0000000 0.0000000 0.0000000 0.0000000 0.0000000 1.0000000 0.0000000 0.0000000 0.0000000 0.0000000 0.0000000 0.0000000 0.0000000 0.0000000 0.0000000 0.0000000 0.0000000 0.0000000 0.0000000 0.0000000
 23 R  23 0.0000000 0.9301704 0.0000000 0.0000000 0.0000000 0.0698296 0.0000000 0.0000000 0.0000000 0.0000000 0.0000000 0.0000000 0.0000000 0.0000000 0.0000000 0.0000000 0.0000000 0.0000000 0.0000000 0.0000000
 24 N  24 0.0000000 0.1086153 0.8913847 0.0000000 0.0000000 0.0000000 0.0000000 0.0000000 0.0000000 0.0000000 0.0000000 0.0000000 0.0000000 0.0000000 0.0000000 0.0000000 0.0000000 0.0000000 0.0000000 0.0000000
 25 A  25 0.4010433 0.0000000 0.0000000 0.0000000 0.0000000 0.0000000 0.0000000 0.5989567 0.0000000 0.0000000 0.0000000 0.0000000 0.0000000 0.0000000 0.0000000 0.0000000 0.0000000 0.0000000 0.0000000 0.0000000
 26 K  26 0.0000000 0.0000000 0.0000000 0.0000000 0.0000000 0.0000000 0.0000000 0.0000000 0.0000000 0.0000000 0.0000000 0.1396378 0.0000000 0.8045927 0.0000000 0.0000000 0.0000000 0.0000000 0.0557696 0.0000000
 27 I  27 0.0000000 0.0000000 0.0000000 0.0000000 0.0000000 0.0000000 0.0000000 0.0000000 0.0000000 1.0000000 0.0000000 0.0000000 0.0000000 0.0000000 0.0000000 0.0000000 0.0000000 0.0000000 0.0000000 0.0000000
 28 K  28 0.0000000 0.1086153 0.0000000 0.0000000 0.0000000 0.7517469 0.0000000 0.0000000 0.0000000 0.0000000 0.0000000 0.1396378 0.0000000 0.0000000 0.0000000 0.0000000 0.0000000 0.0000000 0.0000000 0.0000000
 29 S  29 0.0000000 0.0000000 0.0000000 0.0000000 0.0000000 0.0000000 0.0000000 0.0000000 0.0000000 0.0000000 0.0000000 0.0000000 0.0000000 0.0000000 0.0000000 1.0000000 0.0000000 0.0000000 0.0000000 0.0000000
 30 I  30 0.0000000 0.0000000 0.0000000 0.0000000 0.0000000 0.0000000 0.0000000 0.0000000 0.0000000 0.1396378 0.8603622 0.0000000 0.0000000 0.0000000 0.0000000 0.0000000 0.0000000 0.0000000 0.0000000 0.0000000
 31 R  31 0.0000000 0.1396378 0.0000000 0.0000000 0.0000000 0.0000000 0.0000000 0.0000000 0.0000000 0.0000000 0.0000000 0.7517469 0.0000000 0.0000000 0.0000000 0.0000000 0.0000000 0.0000000 0.1086153 0.0000000
 32 D  32 0.0000000 0.0000000 0.0000000 1.0000000 0.0000000 0.0000000 0.0000000 0.0000000 0.0000000 0.0000000 0.0000000 0.0000000 0.0000000 0.0000000 0.0000000 0.0000000 0.0000000 0.0000000 0.0000000 0.0000000
 33 D  33 0.0000000 0.0000000 0.0000000 1.0000000 0.0000000 0.0000000 0.0000000 0.0000000 0.0000000 0.0000000 0.0000000 0.0000000 0.0000000 0.0000000 0.0000000 0.0000000 0.0000000 0.0000000 0.0000000 0.0000000
 34 C  34 0.0000000 0.0000000 0.0000000 0.0000000 1.0000000 0.0000000 0.0000000 0.0000000 0.0000000 0.0000000 0.0000000 0.0000000 0.0000000 0.0000000 0.0000000 0.0000000 0.0000000 0.0000000 0.0000000 0.0000000
