34
FNMQCQRRFYEALHDPNLNEEQRNAKIKSIRDDC
2.670000e-03
4.100000e-02
-3.194183e+00
1.400000e-01
2.670000e-03
4.163246e-02
-3.178875e+00
1.400000e-01
3.176060e-03
1.339561e-01
-2.010243e+00
4.012145e-01
-32768  -233  -32768  -262  -370  -318  615  -338  -43  -46  -303  11  -25  -305  -376  -297  -277  -244  -221  -106  124  -100  450  -32768  -32768  -393  -32768  -32768  
-32768  -126  -32768  -266  114  -35  -321  -52  41  -341  -27  -357  -230  593  -206  -9  -58  128  8  -299  -391  -100  -226  -32768  -32768  -393  -32768  -32768  
-32768  -109  -32768  -292  239  147  -226  -193  -101  -147  307  -90  218  -18  -155  75  81  -54  -86  -153  -293  -100  -200  -32768  -32768  -393  -32768  -32768  
-32768  97  -32768  -270  196  373  -324  -148  -36  -284  54  -262  -155  -24  -124  297  -19  13  -74  -200  -288  -100  -208  -32768  -32768  -393  -32768  -32768  
-32768  -88  -32768  314  -89  112  -343  -214  -28  -278  60  -236  -97  -64  341  478  21  -40  -90  -223  -248  -100  -196  -32768  -32768  -393  -32768  -32768  
-32768  -92  -32768  -322  -49  171  -345  -193  19  -302  246  -243  -70  -11  -139  536  125  -21  -80  -245  -235  -100  -168  -32768  -32768  -393  -32768  -32768  
-32768  -86  -32768  -230  23  -39  -291  -107  -14  -261  46  -265  -170  421  -183  11  243  121  174  -205  -331  -100  -202  -32768  -32768  -393  -32768  -32768  
-32768  364  -32768  -99  -189  -77  -255  -32  -138  -180  18  -178  -115  -137  -119  -35  223  78  -33  -68  -279  -100  -192  -32768  -32768  -393  -32768  -32768  
-32768  -234  -32768  -262  -371  -320  618  -338  -48  -45  -305  12  -24  -306  -377  -300  -279  -245  -221  -105  122  -100  443  -32768  -32768  -393  -32768  -32768  
-32768  -213  -32768  -265  -358  -241  274  -322  123  -174  -224  -134  -124  -259  -336  -171  -209  -209  -196  -165  690  -100  672  -32768  -32768  -393  -32768  -32768  
-32768  -101  -32768  -395  154  540  -350  -234  -21  -351  75  -313  -222  -37  -128  191  -21  -24  -101  -270  -312  -100  -224  -32768  -32768  -393  -32768  -32768  
-32768  108  -32768  -114  -299  -269  -61  -247  -302  379  -229  108  77  -298  -238  -239  -277  -123  -64  220  -280  -100  -158  -32768  -32768  -393  -32768  -32768  
-32768  -129  -32768  -131  -380  -300  18  -382  -309  184  -262  377  187  -355  -299  -234  -242  -247  -105  181  -200  -100  -121  -32768  -32768  -393  -32768  -32768  
-32768  -158  -32768  -321  -52  -1  -200  -174  683  -340  151  -308  -180  260  -207  53  32  -50  -124  -316  -293  -100  75  -32768  -32768  -393  -32768  -32768  
-32768  -156  -32768  -184  211  -113  -27  -297  -225  87  -190  305  287  -146  -262  -137  -203  -175  -117  20  -219  -100  -154  -32768  -32768  -393  -32768  -32768  
-32768  -97  -32768  -309  -168  -129  -395  -238  -241  -305  -118  -316  -275  -224  794  -147  -236  -96  -125  -261  -401  -100  -323  -32768  -32768  -393  -32768  -32768  
-32768  -174  -32768  -290  104  -51  -169  -72  68  -326  -41  -334  -223  592  -231  -20  -66  39  -26  -293  -248  -100  115  -32768  -32768  -393  -32768  -32768  
-32768  -163  -32768  -142  -392  -311  39  -394  -304  158  -268  423  208  -368  -312  -234  -237  -267  -134  79  -181  -100  -119  -32768  -32768  -393  -32768  -32768  
-32768  -112  -32768  -219  73  -53  -295  -84  0  -242  -41  -276  -179  523  -187  -27  -74  86  247  -188  -354  -100  -213  -32768  -32768  -393  -32768  -32768  
-32768  -98  -32768  -374  113  479  -356  -233  -52  -339  47  -312  -230  -64  347  149  -51  -35  -103  -266  -326  -100  -240  -32768  -32768  -393  -32768  -32768  
-32768  26  -32768  -333  132  508  -336  -196  -33  -320  62  -292  -207  -48  -123  171  -31  -5  -89  -232  -307  -100  -220  -32768  -32768  -393  -32768  -32768  
-32768  -96  -32768  -321  -44  189  -349  -201  38  -307  126  -239  -55  -10  -147  593  95  -21  -82  -246  -219  -100  -163  -32768  -32768  -393  -32768  -32768  
-32768  -152  -32768  -365  -162  9  -310  -248  -26  -325  211  -238  -142  -49  -223  199  574  -82  -122  -272  -286  -100  -186  -32768  -32768  -393  -32768  -32768  
-32768  -168  -32768  -306  88  -32  -323  -82  40  -347  40  -339  -219  561  -223  17  220  34  -31  -307  -379  -100  -221  -32768  -32768  -393  -32768  -32768  
-32768  289  -32768  -139  -168  -156  -285  427  -199  -247  -122  -255  -183  -104  -153  -138  -199  50  -80  -142  -273  -100  -253  -32768  -32768  -393  -32768  -32768  
-32768  -193  -32768  -275  -276  -176  551  -289  -73  -81  112  -26  -43  -217  -295  -140  -77  -181  -183  -130  55  -100  341  -32768  -32768  -393  -32768  -32768  
-32768  -149  -32768  -138  -342  -350  -25  -406  -354  455  -293  156  113  -352  -302  -304  -328  -259  -84  266  -284  -100  -150  -32768  -32768  -393  -32768  -32768  
-32768  -102  -32768  -329  -72  136  -334  -200  3  -304  274  -242  -90  -19  -151  456  297  -31  -86  -249  -251  -100  -173  -32768  -32768  -393  -32768  -32768  
-32768  112  -32768  -102  -36  -24  -262  -39  -102  -259  -29  -270  -166  56  -95  -19  -90  436  140  -184  -303  -100  -189  -32768  -32768  -393  -32768  -32768  
-32768  -157  -32768  -139  -378  -317  27  -395  -313  252  -272  376  190  -362  -308  -247  -253  -263  -120  136  -200  -100  -124  -32768  -32768  -393  -32768  -32768  
-32768  -118  -32768  -324  -138  16  -63  -213  -1  -264  379  -225  -142  -61  -170  85  326  -66  -105  -227  -110  -100  273  -32768  -32768  -393  -32768  -32768  
-32768  -196  -32768  -379  631  154  -382  -149  -128  -343  -83  -394  -336  128  -167  -42  -180  -36  -121  -345  -460  -100  -336  -32768  -32768  -393  -32768  -32768  
-32768  -196  -32768  -379  631  154  -382  -149  -128  -343  -83  -394  -336  128  -167  -42  -180  -36  -121  -345  -460  -100  -336  -32768  -32768  -393  -32768  -32768  
-32768  -40  -301  843  -340  -355  -233  -246  -294  -121  -298  -125  -139  -261  -274  -285  -333  -86  -85  -80  -226  -100  -236  -326  -82  -393  -82  -123  
