   34         A         R         N         D         C         Q         E         G         H         I         L         K         M         F         P         S         T         W         Y         V    
  1 F   1 -1.564266 -2.164142 -2.164142 -2.346398 -1.564266 -1.981886 -2.164142 -2.346398 -0.235365 -0.182256 -0.182256 -2.164142 -0.182256  4.146028 -2.946275 -1.564266 -1.564266  0.964389  3.075422 -0.782133
  2 N   2 -1.382809 -0.475300  3.627621  0.823964 -2.262754 -0.186569 -0.029224 -0.358526  0.235155 -1.927718 -2.192959 -0.265241 -1.444402 -2.300856 -1.566910  0.597623 -0.040570 -3.235983 -1.669073 -1.834434
  3 M   3 -0.740728  0.679146 -0.100078 -0.184948 -2.311043  0.602619  0.935797 -1.676131 -0.933761 -2.091240 -1.595463  2.364534 -0.714797 -2.270852 -0.927484  0.046818 -0.281449 -2.429759 -1.728354 -1.369129
  4 Q   4 -0.052613 -0.395289 -0.266821  1.441999 -2.690126  1.155059  2.760480 -1.313862 -0.562083 -2.386911 -2.449313  0.291030 -1.655308 -2.590998 -0.931695  0.204087 -0.727608 -2.870042 -1.938347 -1.596570
  5 C   5 -0.824185  0.433726 -0.707377 -1.013156 -1.237610  2.354761  0.346870 -2.174913 -0.758246 -1.975030 -1.104086  0.392692  0.179410 -2.310132 -1.234500 -0.407510 -0.931695 -1.970490 -1.209641 -1.427265
  6 Q   6 -0.665605  0.656705 -0.364476 -0.677596 -2.590775  3.073806  0.992826 -1.740750 -0.579601 -2.327979 -1.501723  0.804339 -0.128369 -2.632614 -1.257270 -0.092722 -0.882018 -2.231712 -1.263666 -1.550113
  7 R   7 -1.323722 -0.037970  2.219549 -0.663247 -2.353940 -0.342713 -0.585573 -1.229654 -0.398798 -1.765321 -1.468151  0.085710 -0.967079 -2.192512 -2.024521  0.238308 -0.215680 -2.829234 -1.655528 -1.773244
  8 R   8  3.321879 -0.201903 -1.727105 -1.991764 -0.396990 -0.731222 -0.863552 -0.264660 -1.727105 -1.260542 -1.128212 -0.598893 -0.995882 -2.124094 -1.128212  0.731222 -0.132330 -2.987646 -1.991764 -0.396990
  9 F   9 -1.558449 -2.433140 -2.274663 -2.597267 -1.958208 -2.362931 -2.503643 -2.176059 -0.814916 -0.440086 -0.501685 -2.455094 -0.398116  3.817587 -3.374114 -1.413391 -1.524240  0.319753  2.300828 -1.030890
 10 Y  10 -1.757435 -1.285483 -1.311214 -2.483908 -2.235016 -0.847812 -1.635422 -1.873498  0.927322 -1.769885 -1.558835 -1.253241 -1.205445  1.223001 -2.727985 -1.502526 -1.728498  1.455781  4.054891 -1.624606
 11 E  11 -0.867497  0.082897  0.064192  1.569200 -3.643862  2.304649  4.217180 -1.863379 -0.064192 -2.923454 -2.776364  0.931690 -1.633392 -2.923454 -0.995882  0.256770 -0.867497 -2.840557 -1.844675 -1.991764
 12 A  12 -0.040225 -2.594613 -2.662756 -2.726943 -0.863552 -2.364792 -2.364792 -3.096014 -2.791130  2.771123  1.172393 -2.364792  0.602848 -0.622855 -2.364792 -1.402214 -0.248609 -2.923459 -1.192399  2.627917
 13 L  13 -0.184397 -1.798799 -2.728159 -3.440968 -0.936090 -1.724726 -2.456198 -3.153513 -2.657386  1.453733  2.507125 -1.743389  1.417562 -0.276193 -2.540133 -1.493370 -0.759308 -2.138903 -1.022338  1.068984
 14 H  14 -1.621990 -0.071587  1.583268 -0.891883 -2.567243 -0.242626 -0.414831 -1.715560  3.326796 -2.252258 -1.987902 -0.532961 -1.406143 -1.512131 -1.986192 -0.392840 -0.627965 -2.423094  0.187467 -2.210275
 15 D  15 -1.196522 -1.479828 -1.565349 -2.028140 -1.521419 -1.144317 -1.753987 -3.082828 -2.215158  0.561415  1.836815 -1.154937  1.294137 -0.782128 -2.407735 -1.279350 -0.935808 -2.322193 -1.393039  0.021350
 16 P  16 -0.698318 -1.540205 -1.553445 -0.592371 -2.762500 -0.726769 -0.598384 -1.762494 -1.820054 -2.849156 -2.820064 -0.417823 -1.884251 -3.669210  5.046932 -0.601801 -0.890874 -3.820059 -2.820059 -1.935818
 17 N  17 -1.685057 -0.542463  4.401856  0.807749 -2.854152 -0.332417 -0.221506  0.250532  0.352488 -2.673214 -2.865781 -0.414083 -1.947442 -2.766782 -1.953282  0.597540 -0.285709 -3.644400 -1.936024 -2.515743
 18 L  18 -1.064187 -2.093285 -2.743252 -3.264845 -1.128374 -1.964910 -2.679065 -3.807439 -2.871626  1.865634  3.299935 -2.029097  1.585780 -0.192561 -2.871626 -1.871626 -1.000000 -2.221659 -1.128374  0.929821
 19 N  19 -0.962467 -0.346825  3.877809  0.329297 -2.242162 -0.259691 -0.259691 -0.391007  0.046659 -2.393484 -2.393484 -0.259691 -1.653175 -2.653175 -1.653175  1.261404  1.064653 -3.457671 -2.000000 -2.133793
 20 E  20 -0.687824 -0.400355 -0.169710  1.097897 -3.260411  0.986972  2.917830 -1.550253 -0.563355 -2.555178 -2.450223  0.320497 -1.701825 -2.765450 -0.738535  0.036350 -0.868782 -3.036781 -2.080628 -1.832364
 21 E  21 -0.965177 -0.659108 -0.393365  1.169961 -3.191886  1.001839  2.832866 -2.059046 -0.451272 -2.243192 -2.308669  0.122435 -1.599970 -2.346240 -0.978947 -0.251672 -0.621513 -2.667872 -1.427507 -1.491630
 22 Q  22 -0.679065  0.871626 -0.128374 -0.128374 -2.807439  4.614878  1.807439 -1.871626 -0.128374 -2.871626 -1.935813  0.871626 -0.064187 -2.935813 -1.000000  0.064187 -0.935813 -2.064187 -1.064187 -1.871626
 23 R  23 -0.921677  3.800807 -0.344200 -2.023214 -2.770533  0.787904 -0.137947 -2.151143 -0.406078 -2.348010 -1.546570  1.693673 -0.701097 -2.734123 -1.941507 -1.019830 -0.921677 -2.930564 -1.852241 -2.211193
 24 N  24 -1.477648 -0.100517  3.246471  0.323960 -2.243602 -0.247783 -0.230588 -0.856198 -0.026696 -2.157163 -2.293976  0.044157 -1.505188 -2.629050 -1.916942  0.469091 -0.260783 -3.622323 -1.955323 -2.109821
 25 A  25  2.367705 -1.104899 -1.230495 -1.521963 -1.154258 -0.731761 -1.011615  1.562239 -1.813431 -2.060973 -1.967689 -1.104899 -1.489652 -2.384753 -1.291468  0.615247 -0.676221 -2.615247 -2.198184 -1.060973
 26 K  26 -1.867670 -2.155958 -2.420618 -2.735340 -2.132330 -2.105896 -2.288288 -2.867670 -0.452822 -0.579382 -0.447052 -1.758969 -0.314722  4.261854 -3.420618 -1.735340 -1.867670  0.653073  3.067921 -1.132330
 27 I  27 -1.000000 -2.949131 -3.000000 -3.050869 -1.000000 -2.949131 -3.000000 -4.000000 -3.000000  3.898261  2.101739 -2.949131  1.050869  0.000000 -3.000000 -2.000000 -1.000000 -2.949131 -1.000000  2.898261
 28 K  28 -0.917821  0.575443  0.077635 -0.457240 -2.731445  2.043653  0.735069 -1.364346 -0.272854 -2.512874 -2.010804  0.945928 -0.676829 -2.429881 -1.389106 -0.066544 -0.924946 -2.403055 -1.278389 -1.823160
 29 S  29  0.778331 -0.614846  0.842523 -0.221669 -1.128385 -0.029092 -0.093285 -0.314954 -1.029092 -1.970908 -1.906715  0.035100 -1.000000 -2.064192 -1.064192  3.399184  1.244753 -2.906715 -2.000000 -1.877623
 30 I  30 -1.000000 -2.247392 -3.000000 -3.752608 -1.000000 -2.247392 -3.000000 -4.000000 -3.000000  2.494783  3.505217 -2.247392  1.752608  0.000000 -3.000000 -2.000000 -1.000000 -2.247392 -1.000000  1.494783
 31 R  31 -1.273620  1.971771  0.166741 -0.904880 -2.914543  0.640922  0.425050 -1.882834 -0.191727 -2.898989 -2.168639  2.711609 -1.219144 -2.484341 -1.555425 -0.453686 -1.070998 -2.338542 -1.325937 -2.399938
 32 D  32 -1.842523 -1.685046  0.842523  5.370092 -3.157477  0.314954  2.472431 -1.157477 -0.842523 -3.000000 -3.842523 -0.685046 -2.842523 -3.000000 -1.000000  0.000000 -1.000000 -3.842523 -2.842523 -2.842523
 33 D  33 -1.813431 -1.813431  0.906715  5.440293 -2.720146  0.000000  1.813431 -0.906715 -0.906715 -2.720146 -3.626862 -0.906715 -2.720146 -2.720146 -0.906715  0.000000 -0.906715 -3.626862 -2.720146 -2.720146
 34 C  34  0.000000 -0.322532 -0.322532 -0.322532  0.967595 -0.322532 -0.430042 -0.322532 -0.322532 -0.107511 -0.107511 -0.322532 -0.107511 -0.215021 -0.322532 -0.107511 -0.107511 -0.215021 -0.215021 -0.107511
