
Last position-specific scoring matrix computed, weighted observed percentages rounded down, information per position, and relative weight of gapless real matches to pseudocounts
           A  R  N  D  C  Q  E  G  H  I  L  K  M  F  P  S  T  W  Y  V   A   R   N   D   C   Q   E   G   H   I   L   K   M   F   P   S   T   W   Y   V
    1 F   -2 -3 -3 -4 -3 -3 -3 -3  0  0  0 -3  0  6 -4 -2 -2  1  4 -1    0   0   0   0   0   0   0   0   0   0   0   0   0  79   0   0   0   0  21   0  0.73 0.01
    2 N   -1 -1  6  1 -3  0  0  0  0 -3 -3  0 -2 -3 -2  1  0 -4 -2 -3    0   0  89   0   0   0   0   0   0   0   0   0   0   0   0  11   0   0   0   0  0.68 0.02
    3 M   -1  1  0  2 -3  1  1 -2 -1 -1 -1  3  2 -2 -1 -1 -1 -3 -2 -1    0   0   0  21   0   0  10   0   0   0   0  46  23   0   0   0   0   0   0   0  0.25 0.01
    4 Q    1  0  0  2 -3  3  4 -1  0 -3 -3  1 -1 -3 -1  0 -1 -3 -2 -2   20   0   0  11   0  23  46   0   0   0   0   0   0   0   0   0   0   0   0   0  0.43 0.01
    5 C   -1  0 -1 -1  3  5  1 -2  0 -3 -2  1 -1 -3  3  0 -1 -2 -2 -2    0   0   0   0  12  68   0   0   0   0   0   0   0   0  20   0   0   0   0   0  0.57 0.01
    6 Q   -1  1  0  0 -3  5  2 -2  0 -3 -2  2 -1 -3 -1  0 -1 -2 -2 -2    0   0   0   0   0  80   0   0   0   0   0  20   0   0   0   0   0   0   0   0  0.60 0.02
    7 R   -1  2  4  0 -2  0  0 -1  0 -3 -3  0 -2 -3 -2  1  2 -3 -2 -2    0  23  46   0   0   0   0   0   0   0   0   0   0   0   0  11  20   0   0   0  0.38 0.01
    8 R    4  2 -1 -2 -1  0 -1  0 -1 -2 -2  0 -1 -2 -1  1  0 -3 -2 -1   77  23   0   0   0   0   0   0   0   0   0   0   0   0   0   0   0   0   0   0  0.32 0.01
    9 F   -2 -3 -3 -4 -3 -3 -3 -3  0  0  0 -3  0  6 -4 -2 -2  1  4 -1    0   0   0   0   0   0   0   0   0   0   0   0   0  80   0   0   0   0  20   0  0.73 0.01
   10 Y   -2 -2 -2 -3 -3 -2 -2 -3  1 -2 -1 -2 -1  3 -3 -2 -2  7  6 -2    0   0   0   0   0   0   0   0   0   0   0   0   0   0   0   0   0  20  80   0  0.99 0.02
   11 E   -1  0  0  1 -4  2  5 -2  0 -3 -3  1 -2 -3 -1  0 -1 -3 -2 -3    0   0   0   0   0   0 100   0   0   0   0   0   0   0   0   0   0   0   0   0  0.77 0.02
   12 A    1 -3 -3 -3 -1 -2 -3 -2 -3  4  1 -2  1 -1 -2 -1 -1 -3 -2  2   23   0   0   0   0   0   0   0   0  77   0   0   0   0   0   0   0   0   0   0  0.26 0.01
   13 L   -1 -2 -3 -4 -1 -2 -3 -4 -3  2  4 -3  2  0 -3 -2 -1 -2 -1  2    0   0   0   0   0   0   0   0   0   0  80   0   0   0   0   0   0   0   0  20  0.40 0.01
   14 H   -2  0  3  0 -3  1  0 -2  7 -3 -3  1 -2 -2 -2  0 -1 -3  1 -3    0   0  19   0   0   0   0   0  62   0   0  20   0   0   0   0   0   0   0   0  0.57 0.01
   15 D   -1 -2 -1  2 -2 -1 -1 -3 -2  1  3 -2  3  0 -3 -2 -1 -2 -1  0    0   0   0  23   0   0   0   0   0   0  58   0  19   0   0   0   0   0   0   0  0.25 0.01
   16 P   -1 -2 -2 -2 -3 -1 -1 -2 -2 -3 -3 -1 -3 -4  8 -1 -1 -4 -3 -3    0   0   0   0   0   0   0   0   0   0   0   0   0   0 100   0   0   0   0   0  2.08 0.02
   17 N   -2 -1  6  1 -3  0  0 -1  1 -3 -3  0 -2 -2 -2  0  0 -2  1 -3    0   0  90   0   0   0   0   0   0   0   0   0   0   0   0   0   0   0  10   0  0.64 0.02
   18 L   -2 -2 -4 -4 -1 -2 -3 -4 -3  2  4 -3  2  0 -3 -3 -1 -2 -1  1    0   0   0   0   0   0   0   0   0   0 100   0   0   0   0   0   0   0   0   0  0.48 0.01
   19 N   -1 -1  5  1 -2  0 -1 -1  0 -2 -3  0 -2 -3 -2  1  2 -3 -2 -2    0   0  69   0   0   0   0   0   0   0   0   0   0   0   0   0  31   0   0   0  0.52 0.01
   20 E   -1  0 -1  1 -4  1  5 -2  0 -3 -3  0 -2 -3  3  0 -1 -3 -2 -3    0   0   0   0   0   0  80   0   0   0   0   0   0   0  20   0   0   0   0   0  0.73 0.01
   21 E    0  0  0  1 -3  2  5 -2  0 -3 -3  1 -2 -3 -1  0 -1 -3 -2 -2   11   0   0   0   0   0  89   0   0   0   0   0   0   0   0   0   0   0   0   0  0.64 0.01
   22 Q   -1  1  0  0 -3  6  2 -2  0 -3 -2  1 -1 -3 -1  0 -1 -2 -2 -2    0   0   0   0   0 100   0   0   0   0   0   0   0   0   0   0   0   0   0   0  0.71 0.02
   23 R   -1  6  0 -2 -4  2  0 -2  0 -3 -2  2 -1 -3 -2 -1 -1 -3 -2 -3    0  90   0   0   0  10   0   0   0   0   0   0   0   0   0   0   0   0   0   0  0.72 0.01
   24 N   -2  2  5  1 -3  0  0 -1  0 -3 -3  0 -2 -3 -2  0  0 -4 -2 -3    0  20  80   0   0   0   0   0   0   0   0   0   0   0   0   0   0   0   0   0  0.62 0.01
   25 A    3 -2 -1 -2 -1 -1 -1  4 -2 -2 -2 -1 -2 -3 -1  0 -1 -3 -2 -1   50   0   0   0   0   0   0  50   0   0   0   0   0   0   0   0   0   0   0   0  0.53 0.01
   26 K   -2 -1 -2 -3 -3 -1 -2 -3 -1 -1  0  1  0  5 -3 -2 -2  1  3 -1    0   0   0   0   0   0   0   0   0   0   0  23   0  66   0   0   0   0  11   0  0.44 0.01
   27 I   -1 -3 -3 -3 -1 -3 -3 -4 -3  4  2 -3  1  0 -3 -2 -1 -3 -1  3    0   0   0   0   0   0   0   0   0 100   0   0   0   0   0   0   0   0   0   0  0.43 0.01
   28 K   -1  3  0 -1 -3  4  1 -2  0 -3 -2  3 -1 -3 -1  0 -1 -2 -2 -2    0  20   0   0   0  57   0   0   0   0   0  23   0   0   0   0   0   0   0   0  0.53 0.01
   29 S    1 -1  1  0 -1  0  0  0 -1 -2 -3  0 -2 -3 -1  4  1 -3 -2 -2    0   0   0   0   0   0   0   0   0   0   0   0   0   0   0 100   0   0   0   0  0.48 0.02
   30 I   -2 -2 -3 -4 -1 -2 -3 -4 -3  2  4 -3  2  0 -3 -3 -1 -2 -1  1    0   0   0   0   0   0   0   0   0  23  77   0   0   0   0   0   0   0   0   0  0.41 0.01
   31 R   -1  3 -1 -1 -3  1  0 -2  0 -3 -2  4 -1 -1 -2 -1 -1 -1  3 -2    0  23   0   0   0   0   0   0   0   0   0  57   0   0   0   0   0   0  20   0  0.40 0.01
   32 D   -2 -2  1  6 -4  0  1 -1 -1 -3 -4 -1 -3 -4 -2  0 -1 -4 -3 -3    0   0   0 100   0   0   0   0   0   0   0   0   0   0   0   0   0   0   0   0  0.97 0.02
   33 D   -2 -2  1  6 -4  0  1 -1 -1 -3 -4 -1 -3 -4 -2  0 -1 -4 -3 -3    0   0   0 100   0   0   0   0   0   0   0   0   0   0   0   0   0   0   0   0  0.97 0.02
   34 C    0 -3 -3 -3  8 -3 -3 -2 -3 -1 -1 -3 -1 -2 -3 -1 -1 -2 -2 -1    0   0   0   0   0   0   0   0   0   0   0   0   0   0   0   0   0   0   0   0  0.00    0.00

                      K         Lambda
Standard Ungapped    0.1353     0.3231
Standard Gapped      0.0410     0.2670
PSI Ungapped         0.1337     0.3169
PSI Gapped           0.0409     0.2670
